0	180	12700	0	29.7	16400	0
0.05	1020	54000	0	123	54100	0
0.1	2170	111000	0	212	39800	0
0.15	3230	175000	0	286	31000	0
0.2	4080	262000	0	356	27800	0
0.25	4730	368000	0	415	27700	0
0.3	5270	483000	0	461	28300	0
0.35	5580	597000	0	493	29200	0
0.4	5800	721000	0	518	29700	0
0.45	5770	889000	0	531	29300	0
0.5	5720	1110000	0	535	29300	0
0.55	5530	1240000	0	531	29800	0
0.6	5330	1230000	0	526	29200	0
0.65	5030	1140000	0	515	28000	0
0.7	4760	910000	0	505	25900	0
0.75	4430	631000	0	492	24300	0
0.8	4090	416000	0	481	20700	0
0.85	3780	270000	0	467	20100	0
0.9	3410	186000	0	455	18900	0
0.95	3130	139000	0	446	17800	0
1	2890	111000	0	433	16600	0
1.05	2630	93600	0	420	15400	0
1.1	2360	78700	0	415	13600	0
1.15	2160	66400	0	390	12800	0
1.2	1990	58400	0	385	11300	0
1.25	1850	51900	0	373	10500	0
1.3	1690	46500	0	366	9710	0
1.35	1590	41000	0	355	8900	0
1.4	1500	36200	0	348	7690	0
1.45	1420	34100	0	340	7790	0
1.5	1370	31400	0	329	7320	0
1.55	1320	29100	0	320	6820	0
1.6	1280	26100	0	311	6030	0
1.65	1220	25300	0	303	5770	0
1.7	1200	22900	0	296	5920	0
1.75	1160	22200	0	290	5140	0
1.8	1120	20800	0	281	4760	0
1.85	1110	19900	0	277	5030	0
1.9	1080	18400	0	271	4420	0
1.95	1060	16800	0	256	4160	0
2	1030	16200	0	257	4070	0
2.05	1000	15500	0	254	4070	0
2.1	997	14900	0	236	3770	0
2.15	949	14000	0	233	3640	0
2.2	934	13700	0	227	3010	0
2.25	907	13400	0	216	3040	0
2.3	888	12900	0	211	2930	0
2.35	872	12600	0	201	3210	0
2.4	843	11800	0	199	2520	0
2.45	818	11700	0	189	2380	0
2.5	795	11500	0	184	2420	0
2.55	777	11000	0	171	2120	0
2.6	763	11100	0	174	2260	0
2.65	725	10800	0	183	2060	0
2.7	714	10100	0	163	2090	0
2.75	695	10200	0	158	1880	0
2.8	670	10200	0	150	1710	0
2.85	652	10100	0	147	1730	0
2.9	625	9910	0	142	1580	0
2.95	605	9940	0	140	1500	0
3	583	9520	0	138	1440	0
3.05	568	9790	0	127	1380	0
3.1	552	9170	0	126	1490	0
3.15	531	9610	0	116	1240	0
3.2	498	9150	0	119	1220	0
3.25	492	9350	0	113	1240	0
3.3	483	9170	0	116	1020	0
3.35	461	8830	0	105	1090	0
3.4	442	8840	0	98.7	1040	0
3.45	422	9010	0	101	1060	0
3.5	398	8790	0	87.3	858	0
3.55	382	8810	0	91.8	916	0
3.6	368	8550	0	85.6	872	0
3.65	363	8500	0	91.1	744	0
3.7	345	8730	0	82.7	787	0
3.75	339	8470	0	80.2	709	0
3.8	305	8260	0	73.7	792	0
3.85	302	8330	0	71.6	760	0
3.9	287	8140	0	76.8	724	0
3.95	277	7950	0	70.6	659	0
4	268	7890	0	70.4	748	0
4.05	254	7890	0	64.8	715	0
4.1	251	7810	0	66.4	523	0
4.15	225	7610	0	55.8	557	0
4.2	221	7510	0	56	545	0
4.25	207	7440	0	52.4	522	0
4.3	207	7220	0	62.8	553	0
4.35	199	7140	0	54	490	0
4.4	178	7060	0	46.2	415	0
4.45	174	6840	0	44.8	477	0
4.5	174	6640	0	44.5	547	0
4.55	165	6420	0	43.9	533	0
4.6	159	6280	0	45.9	515	0
4.65	150	6140	0	43.5	413	0
4.7	152	5800	0	42.7	336	0
4.75	137	5650	0	40	383	0
4.8	146	5600	0	37.1	386	0
4.85	129	5320	0	39	348	0
4.9	123	4850	0	35	320	0
4.95	130	4850	0	38.3	276	0
5	118	4670	0	31	404	0
5.05	120	4460	0	34.2	324	0
5.1	103	4410	0	31.5	326	0
5.15	97.5	4230	0	28.7	343	0
5.2	92.1	4060	0	28.1	303	0
5.25	90.5	3940	0	25.4	279	0
5.3	90.5	3710	0	26.7	312	0
5.35	82.2	3470	0	25.9	280	0
5.4	82.7	3540	0	26.8	254	0
5.45	77.4	3350	0	22.3	211	0
5.5	76.2	3260	0	21.9	245	0
5.55	69.9	3210	0	21.8	180	0
5.6	71.4	3070	0	23.8	230	0
5.65	68.5	2930	0	22.1	193	0
5.7	62.1	2890	0	17.1	189	0
5.75	62.5	2700	0	19.8	207	0
5.8	61.6	2650	0	17.8	185	0
5.85	53.8	2520	0	17.1	156	0
5.9	60	2530	0	19.6	194	0
5.95	53	2460	0	16.1	187	0
6	51.3	2440	0	17.8	160	0
6.05	53.4	2270	0	17.6	167	0
6.1	46.7	2170	0	12.9	151	0
6.15	44	2180	0	12.8	177	0
6.2	40.1	2070	0	12.4	151	0
6.25	44.2	2150	0	14	125	0
6.3	38.8	2000	0	14.8	162	0
6.35	39.6	1950	0	12.6	183	0
6.4	37.1	1850	0	11.7	105	0
6.45	35.7	1800	0	12.1	184	0
6.5	34.9	1770	0	11.3	129	0
6.55	32.6	1730	0	12	106	0
6.6	33	1660	0	12.6	122	0
6.65	30.4	1610	0	9.61	177	0
6.7	27.9	1580	0	7.62	117	0
6.75	28.9	1530	0	9.82	104	0
6.8	27.5	1560	0	8.77	134	0
6.85	26.9	1460	0	10.7	115	0
6.9	24.2	1380	0	7.71	90.8	0
6.95	22.3	1380	0	6.39	152	0
7	20.9	1330	0	6.83	93.1	0
7.05	20.9	1260	0	7.11	91.5	0
7.1	21.7	1250	0	6.34	108	0
7.15	22.2	1210	0	7.6	84.2	0
7.2	24.9	1160	0	9.84	111	0
7.25	19.2	1170	0	7.28	127	0
7.3	21.1	1090	0	8.48	109	0
7.35	17.5	1050	0	6.09	76.2	0
7.4	16	1070	0	5.78	105	0
7.45	18.2	1040	0	6.24	92.7	0
7.5	15.1	935	0	5.37	89.2	0
7.55	14.8	1010	0	6	95.5	0
7.6	14.8	981	0	4.11	95.3	0
7.65	12.5	865	0	4.55	69.8	0
7.7	13.8	889	0	4.06	64.9	0
7.75	13	829	0	3.53	60	0
7.8	13.5	863	0	5.68	58.1	0
7.85	11.4	831	0	3.54	64.8	0
7.9	10.5	771	0	4.06	55.6	0
7.95	13	747	0	4.35	55.5	0
8	10	774	0	2.57	56.7	0
8.05	11.1	693	0	4.06	56.4	0
8.1	10.4	704	0	2.42	52.6	0
8.15	9.16	665	0	2.91	46.6	0
8.2	9.76	675	0	3.77	73	0
8.25	9.34	650	0	3.53	43.3	0
8.3	9.05	612	0	2.32	44.4	0
8.35	7.95	614	0	4.31	43.4	0
8.4	8.05	573	0	3.05	48.3	0
8.45	7.28	578	0	1.87	65.4	0
8.5	9.7	543	0	4.21	41.1	0
8.55	6.61	511	0	1.42	42.2	0
8.6	6.25	503	0	2.21	38.4	0
8.65	5.9	542	0	1.7	48.8	0
8.7	7	480	0	2.49	38	0
8.75	24.4	480	0	3.43	36.9	0
8.8	6.41	462	0	2.37	57.6	0
8.85	6.57	437	0	2.29	41.6	0
8.9	6.64	440	0	1.88	27.7	0
8.95	4.78	408	0	1.56	40	0
9	7.02	392	0	2.38	33.1	0
9.05	5.55	406	0	2.51	39	0
9.1	3.22	385	0	1.16	31.8	0
9.15	3.78	372	0	0.465	34.5	0
9.2	21.1	361	0	0.941	44.6	0
9.25	4.5	358	0	1.94	28.4	0
9.3	3.85	323	0	1.21	25	0
9.35	3.38	305	0	1.14	36	0
9.4	3.75	334	0	1.27	33.5	0
9.45	4.44	309	0	1.32	27.5	0
9.5	3.69	281	0	0.818	33.3	0
9.55	2.88	315	0	1.15	24.9	0
9.6	2.33	280	0	0.944	27.3	0
9.65	2.46	261	0	1.01	24	0
9.7	2.52	291	0	1.07	17.7	0
9.75	3.5	255	0	1.47	21.6	0
9.8	3.69	216	0	2.08	22.6	0
9.85	2.38	235	0	0.653	19.7	0
9.9	2.41	246	0	0.63	19	0
9.95	3.36	231	0	1.1	23.8	0
10	1.7	174	0	0.497	13	0
10.05	1.7	174	0	0.497	13	0
10.1	1.7	174	0	0.497	13	0
10.15	1.7	174	0	0.497	13	0
10.2	1.7	174	0	0.497	13	0
10.25	1.7	174	0	0.497	13	0
10.3	1.7	174	0	0.497	13	0
10.35	1.7	174	0	0.497	13	0
10.4	1.7	174	0	0.497	13	0
10.45	1.7	174	0	0.497	13	0
10.5	1.7	174	0	0.497	13	0
10.55	1.7	174	0	0.497	13	0
10.6	1.7	174	0	0.497	13	0
10.65	1.7	174	0	0.497	13	0
10.7	1.7	174	0	0.497	13	0
10.75	1.7	174	0	0.497	13	0
10.8	1.7	174	0	0.497	13	0
10.85	1.7	174	0	0.497	13	0
10.9	1.7	174	0	0.497	13	0
10.95	1.7	174	0	0.497	13	0
11	0.834	100	0	0.26	7.2	0
11.05	0.834	100	0	0.26	7.2	0
11.1	0.834	100	0	0.26	7.2	0
11.15	0.834	100	0	0.26	7.2	0
11.2	0.834	100	0	0.26	7.2	0
11.25	0.834	100	0	0.26	7.2	0
11.3	0.834	100	0	0.26	7.2	0
11.35	0.834	100	0	0.26	7.2	0
11.4	0.834	100	0	0.26	7.2	0
11.45	0.834	100	0	0.26	7.2	0
11.5	0.834	100	0	0.26	7.2	0
11.55	0.834	100	0	0.26	7.2	0
11.6	0.834	100	0	0.26	7.2	0
11.65	0.834	100	0	0.26	7.2	0
11.7	0.834	100	0	0.26	7.2	0
11.75	0.834	100	0	0.26	7.2	0
11.8	0.834	100	0	0.26	7.2	0
11.85	0.834	100	0	0.26	7.2	0
11.9	0.834	100	0	0.26	7.2	0
11.95	0.834	100	0	0.26	7.2	0
12	0.425	56.4	0	0.191	4.66	0
12.05	0.425	56.4	0	0.191	4.66	0
12.1	0.425	56.4	0	0.191	4.66	0
12.15	0.425	56.4	0	0.191	4.66	0
12.2	0.425	56.4	0	0.191	4.66	0
12.25	0.425	56.4	0	0.191	4.66	0
12.3	0.425	56.4	0	0.191	4.66	0
12.35	0.425	56.4	0	0.191	4.66	0
12.4	0.425	56.4	0	0.191	4.66	0
12.45	0.425	56.4	0	0.191	4.66	0
12.5	0.425	56.4	0	0.191	4.66	0
12.55	0.425	56.4	0	0.191	4.66	0
12.6	0.425	56.4	0	0.191	4.66	0
12.65	0.425	56.4	0	0.191	4.66	0
12.7	0.425	56.4	0	0.191	4.66	0
12.75	0.425	56.4	0	0.191	4.66	0
12.8	0.425	56.4	0	0.191	4.66	0
12.85	0.425	56.4	0	0.191	4.66	0
12.9	0.425	56.4	0	0.191	4.66	0
12.95	0.425	56.4	0	0.191	4.66	0
13	0.169	30.6	0	0.052	2.56	0
13.05	0.169	30.6	0	0.052	2.56	0
13.1	0.169	30.6	0	0.052	2.56	0
13.15	0.169	30.6	0	0.052	2.56	0
13.2	0.169	30.6	0	0.052	2.56	0
13.25	0.169	30.6	0	0.052	2.56	0
13.3	0.169	30.6	0	0.052	2.56	0
13.35	0.169	30.6	0	0.052	2.56	0
13.4	0.169	30.6	0	0.052	2.56	0
13.45	0.169	30.6	0	0.052	2.56	0
13.5	0.169	30.6	0	0.052	2.56	0
13.55	0.169	30.6	0	0.052	2.56	0
13.6	0.169	30.6	0	0.052	2.56	0
13.65	0.169	30.6	0	0.052	2.56	0
13.7	0.169	30.6	0	0.052	2.56	0
13.75	0.169	30.6	0	0.052	2.56	0
13.8	0.169	30.6	0	0.052	2.56	0
13.85	0.169	30.6	0	0.052	2.56	0
13.9	0.169	30.6	0	0.052	2.56	0
13.95	0.169	30.6	0	0.052	2.56	0
14	0.0357	16	0	0.0395	1.4	0
14.05	0.0357	16	0	0.0395	1.4	0
14.1	0.0357	16	0	0.0395	1.4	0
14.15	0.0357	16	0	0.0395	1.4	0
14.2	0.0357	16	0	0.0395	1.4	0
14.25	0.0357	16	0	0.0395	1.4	0
14.3	0.0357	16	0	0.0395	1.4	0
14.35	0.0357	16	0	0.0395	1.4	0
14.4	0.0357	16	0	0.0395	1.4	0
14.45	0.0357	16	0	0.0395	1.4	0
14.5	0.0357	16	0	0.0395	1.4	0
14.55	0.0357	16	0	0.0395	1.4	0
14.6	0.0357	16	0	0.0395	1.4	0
14.65	0.0357	16	0	0.0395	1.4	0
14.7	0.0357	16	0	0.0395	1.4	0
14.75	0.0357	16	0	0.0395	1.4	0
14.8	0.0357	16	0	0.0395	1.4	0
14.85	0.0357	16	0	0.0395	1.4	0
14.9	0.0357	16	0	0.0395	1.4	0
14.95	0.0357	16	0	0.0395	1.4	0
15	0.0236	10.2	0	0.0222	1.77	0
15.05	0.0236	10.2	0	0.0222	1.77	0
15.1	0.0236	10.2	0	0.0222	1.77	0
15.15	0.0236	10.2	0	0.0222	1.77	0
15.2	0.0236	10.2	0	0.0222	1.77	0
15.25	0.0236	10.2	0	0.0222	1.77	0
15.3	0.0236	10.2	0	0.0222	1.77	0
15.35	0.0236	10.2	0	0.0222	1.77	0
15.4	0.0236	10.2	0	0.0222	1.77	0
15.45	0.0236	10.2	0	0.0222	1.77	0
15.5	0.0236	10.2	0	0.0222	1.77	0
15.55	0.0236	10.2	0	0.0222	1.77	0
15.6	0.0236	10.2	0	0.0222	1.77	0
15.65	0.0236	10.2	0	0.0222	1.77	0
15.7	0.0236	10.2	0	0.0222	1.77	0
15.75	0.0236	10.2	0	0.0222	1.77	0
15.8	0.0236	10.2	0	0.0222	1.77	0
15.85	0.0236	10.2	0	0.0222	1.77	0
15.9	0.0236	10.2	0	0.0222	1.77	0
15.95	0.0236	10.2	0	0.0222	1.77	0
16	0.07	5.49	0	0.0607	0.464	0
16.05	0.07	5.49	0	0.0607	0.464	0
16.1	0.07	5.49	0	0.0607	0.464	0
16.15	0.07	5.49	0	0.0607	0.464	0
16.2	0.07	5.49	0	0.0607	0.464	0
16.25	0.07	5.49	0	0.0607	0.464	0
16.3	0.07	5.49	0	0.0607	0.464	0
16.35	0.07	5.49	0	0.0607	0.464	0
16.4	0.07	5.49	0	0.0607	0.464	0
16.45	0.07	5.49	0	0.0607	0.464	0
16.5	0.07	5.49	0	0.0607	0.464	0
16.55	0.07	5.49	0	0.0607	0.464	0
16.6	0.07	5.49	0	0.0607	0.464	0
16.65	0.07	5.49	0	0.0607	0.464	0
16.7	0.07	5.49	0	0.0607	0.464	0
16.75	0.07	5.49	0	0.0607	0.464	0
16.8	0.07	5.49	0	0.0607	0.464	0
16.85	0.07	5.49	0	0.0607	0.464	0
16.9	0.07	5.49	0	0.0607	0.464	0
16.95	0.07	5.49	0	0.0607	0.464	0
17	0	2.42	0	0	0.436	0
17.05	0	2.42	0	0	0.436	0
17.1	0	2.42	0	0	0.436	0
17.15	0	2.42	0	0	0.436	0
17.2	0	2.42	0	0	0.436	0
17.25	0	2.42	0	0	0.436	0
17.3	0	2.42	0	0	0.436	0
17.35	0	2.42	0	0	0.436	0
17.4	0	2.42	0	0	0.436	0
17.45	0	2.42	0	0	0.436	0
17.5	0	2.42	0	0	0.436	0
17.55	0	2.42	0	0	0.436	0
17.6	0	2.42	0	0	0.436	0
17.65	0	2.42	0	0	0.436	0
17.7	0	2.42	0	0	0.436	0
17.75	0	2.42	0	0	0.436	0
17.8	0	2.42	0	0	0.436	0
17.85	0	2.42	0	0	0.436	0
17.9	0	2.42	0	0	0.436	0
17.95	0	2.42	0	0	0.436	0
18	0	1.68	0	0	0.112	0
18.05	0	1.68	0	0	0.112	0
18.1	0	1.68	0	0	0.112	0
18.15	0	1.68	0	0	0.112	0
18.2	0	1.68	0	0	0.112	0
18.25	0	1.68	0	0	0.112	0
18.3	0	1.68	0	0	0.112	0
18.35	0	1.68	0	0	0.112	0
18.4	0	1.68	0	0	0.112	0
18.45	0	1.68	0	0	0.112	0
18.5	0	1.68	0	0	0.112	0
18.55	0	1.68	0	0	0.112	0
18.6	0	1.68	0	0	0.112	0
18.65	0	1.68	0	0	0.112	0
18.7	0	1.68	0	0	0.112	0
18.75	0	1.68	0	0	0.112	0
18.8	0	1.68	0	0	0.112	0
18.85	0	1.68	0	0	0.112	0
18.9	0	1.68	0	0	0.112	0
1895	0	1.68	0	0	0.112	0
19	0	0.974	0	0	0	0
19.05	0	0.974	0	0	0	0
19.1	0	0.974	0	0	0	0
19.15	0	0.974	0	0	0	0
19.2	0	0.974	0	0	0	0
19.25	0	0.974	0	0	0	0
19.3	0	0.974	0	0	0	0
19.35	0	0.974	0	0	0	0
19.4	0	0.974	0	0	0	0
19.45	0	0.974	0	0	0	0
19.5	0	0.974	0	0	0	0
19.55	0	0.974	0	0	0	0
19.6	0	0.974	0	0	0	0
19.65	0	0.974	0	0	0	0
19.7	0	0.974	0	0	0	0
19.75	0	0.974	0	0	0	0
19.8	0	0.974	0	0	0	0
19.85	0	0.974	0	0	0	0
19.9	0	0.974	0	0	0	0
19.95	0	0.974	0	0	0	0
20	0	0.141	0	0	0.00203	0
20.05	0	0.141	0	0	0.00203	0
20.1	0	0.141	0	0	0.00203	0
20.15	0	0.141	0	0	0.00203	0
20.2	0	0.141	0	0	0.00203	0
20.25	0	0.141	0	0	0.00203	0
20.3	0	0.141	0	0	0.00203	0
20.35	0	0.141	0	0	0.00203	0
20.4	0	0.141	0	0	0.00203	0
20.45	0	0.141	0	0	0.00203	0
20.5	0	0.141	0	0	0.00203	0
20.55	0	0.141	0	0	0.00203	0
20.6	0	0.141	0	0	0.00203	0
20.65	0	0.141	0	0	0.00203	0
20.7	0	0.141	0	0	0.00203	0
20.75	0	0.141	0	0	0.00203	0
20.8	0	0.141	0	0	0.00203	0
20.85	0	0.141	0	0	0.00203	0
20.9	0	0.141	0	0	0.00203	0
20.95	0	0.141	0	0	0.00203	0
21	0	0	0	0	0	0
21.05	0	0	0	0	0	0
21.1	0	0	0	0	0	0
21.15	0	0	0	0	0	0
21.2	0	0	0	0	0	0
21.25	0	0	0	0	0	0
21.3	0	0	0	0	0	0
21.35	0	0	0	0	0	0
21.4	0	0	0	0	0	0
21.45	0	0	0	0	0	0
21.5	0	0	0	0	0	0
21.55	0	0	0	0	0	0
21.6	0	0	0	0	0	0
21.65	0	0	0	0	0	0
21.7	0	0	0	0	0	0
21.75	0	0	0	0	0	0
21.8	0	0	0	0	0	0
21.85	0	0	0	0	0	0
21.9	0	0	0	0	0	0
21.95	0	0	0	0	0	0
22	0	0.116	0	0	0	0
22.05	0	0.116	0	0	0	0
22.1	0	0.116	0	0	0	0
22.15	0	0.116	0	0	0	0
22.2	0	0.116	0	0	0	0
22.25	0	0.116	0	0	0	0
22.3	0	0.116	0	0	0	0
22.35	0	0.116	0	0	0	0
22.4	0	0.116	0	0	0	0
22.45	0	0.116	0	0	0	0
22.5	0	0.116	0	0	0	0
22.55	0	0.116	0	0	0	0
22.6	0	0.116	0	0	0	0
22.65	0	0.116	0	0	0	0
22.7	0	0.116	0	0	0	0
22.75	0	0.116	0	0	0	0
22.8	0	0.116	0	0	0	0
22.85	0	0.116	0	0	0	0
22.9	0	0.116	0	0	0	0
22.95	0	0.116	0	0	0	0
23	0	0	0	0	0	0
23.05	0	0	0	0	0	0
23.1	0	0	0	0	0	0
23.15	0	0	0	0	0	0
23.2	0	0	0	0	0	0
23.25	0	0	0	0	0	0
23.3	0	0	0	0	0	0
23.35	0	0	0	0	0	0
23.4	0	0	0	0	0	0
23.45	0	0	0	0	0	0
23.5	0	0	0	0	0	0
23.55	0	0	0	0	0	0
23.6	0	0	0	0	0	0
23.65	0	0	0	0	0	0
23.7	0	0	0	0	0	0
23.75	0	0	0	0	0	0
23.8	0	0	0	0	0	0
23.85	0	0	0	0	0	0
23.9	0	0	0	0	0	0
23.95	0	0	0	0	0	0
24	0	0	0	0	0	0
24.05	0	0	0	0	0	0
24.1	0	0	0	0	0	0
24.15	0	0	0	0	0	0
24.2	0	0	0	0	0	0
24.25	0	0	0	0	0	0
24.3	0	0	0	0	0	0
24.35	0	0	0	0	0	0
24.4	0	0	0	0	0	0
24.45	0	0	0	0	0	0
24.5	0	0	0	0	0	0
24.55	0	0	0	0	0	0
24.6	0	0	0	0	0	0
24.65	0	0	0	0	0	0
24.7	0	0	0	0	0	0
24.75	0	0	0	0	0	0
24.8	0	0	0	0	0	0
24.85	0	0	0	0	0	0
24.9	0	0	0	0	0	0
24.95	0	0	0	0	0	0
25	0	0	0	0	0	0
