0.01 0.297863 0.375892 0.179727 
0.02 0.0501205 0.107573 0.760293 
0.03 0.101819 0.514266 0.185829 
0.04 0.337897 0.102104 0.228117 
0.05 0.250049 0.493673 0.0321152 
0.06 0.252718 0.0484855 0.415048 
0.07 0.229822 0.202811 0.2257 
0.08 0.14479 0.103907 0.588634 
0.09 0.0746745 0.152384 0.465685 
0.1 0.137015 0.0187139 0.741041 
0.11 0.149577 0.529548 0.138962 
0.12 0.0227397 0.31271 0.563271 
0.13 0.156307 0.473923 0.300951 
0.14 0.0315496 0.122394 0.636704 
0.15 0.0478603 0.774881 0.0307482 
0.16 0.129209 0.302932 0.486653 
0.17 0.0209109 0.0577654 0.779668 
0.18 0.0190706 0.660151 0.198704 
0.19 0.0430698 0.86515 1.63379e-05 
0.2 0.0754141 0.455077 0.291391 
0.21 0.06705 0.0263169 0.642121 
0.22 0.0322099 0.0326647 0.730159 
0.23 0.00063387 0.299095 0.398965 
0.24 0.0109124 0.693166 0.163663 
0.25 0.0411587 0.893745 0.000106795 
0.26 0.0558279 0.836661 0.0862279 
0.27 0.0501496 0.600644 0.220163 
0.28 0.0412562 0.211083 0.451695 
0.29 0.0391539 0.0917865 0.588765 
0.3 0.0373016 0.0247974 0.80074 
0.31 0.029214 0.0864608 0.816651 
0.32 0.0211691 0.209654 0.734874 
0.33 0.0125346 0.309708 0.561301 
0.34 0.00332395 0.452311 0.304768 
0.35 0.00332356 0.705636 0.193715 
0.36 0.00383924 0.61901 0.0874152 
0.37 0.0145832 0.838464 0.0139323 
0.38 0.0199652 0.671258 0.00609151 
0.39 0.0285588 0.732173 0.0214269 
0.4 0.0433155 0.771309 0.109421 
0.41 0.0521464 0.637769 0.239233 
0.42 0.0545745 0.485834 0.342724 
0.43 0.0544189 0.370953 0.423278 
0.44 0.0533795 0.279162 0.499647 
0.45 0.0519391 0.201353 0.579098 
0.46 0.0503855 0.142197 0.660404 
0.47 0.0483647 0.106076 0.729454 
0.48 0.0441756 0.0808157 0.751059 
0.49 0.0362524 0.0433789 0.696651 
0.5 0.0274467 0.00639222 0.623495 
0.51 0.0244376 0.0213807 0.659281 
0.52 0.0258143 0.058047 0.751983 
0.53 0.0209454 0.0482814 0.666519 
0.54 0.0142114 0.110143 0.551955 
0.55 0.0163017 0.200484 0.646877 
0.56 0.0135458 0.170431 0.560387 
0.57 0.00919645 0.312632 0.467554 
0.58 0.0119602 0.333321 0.541271 
0.59 0.00675996 0.377233 0.372271 
0.6 0.00873709 0.502924 0.441062 
0.61 0.0056571 0.456332 0.311765 
0.62 0.00628621 0.633425 0.339585 
0.63 0.00424969 0.546453 0.241692 
0.64 0.00483289 0.724259 0.261025 
0.65 0.00259373 0.642027 0.164666 
0.66 0.0039049 0.76345 0.199063 
0.67 0.0013026 0.757535 0.0989528 
0.68 0.00274157 0.739986 0.136652 
0.69 0.00119364 0.87873 0.0645731 
0.7 0.00103352 0.715201 0.0654952 
0.71 0.00176796 0.899143 0.0542286 
0.72 0.000497074 0.81109 0.0147493 
0.73 0.00103245 0.770525 0.0298579 
0.74 0.0019597 0.925731 0.00785933 
0.75 0.000918447 0.75898 0.00245671 
0.76 0.00165637 0.789385 0.0042121 
0.77 0.00351841 0.900204 0.00282264 
0.78 0.00250942 0.730139 0.0100939 
0.79 0.00289815 0.742899 0.00261887 
0.8 0.00601333 0.86091 0.0184901 
0.81 0.00585346 0.723263 0.0422819 
0.82 0.00483176 0.65486 0.0278326 
0.83 0.0082554 0.780575 0.0384462 
0.84 0.0108524 0.744037 0.0883353 
0.85 0.00906273 0.594645 0.0910877 
0.86 0.0096069 0.629874 0.0697253 
0.87 0.0144904 0.719692 0.112866 
0.88 0.0164495 0.631503 0.171477 
0.89 0.0141575 0.512929 0.159325 
0.9 0.0149249 0.555884 0.135691 
0.91 0.0203518 0.630739 0.187921 
0.92 0.023392 0.563783 0.260289 
0.93 0.0212656 0.446417 0.258187 
0.94 0.0201577 0.445188 0.21888 
0.95 0.0245404 0.52116 0.244505 
0.96 0.0300266 0.519689 0.330318 
0.97 0.0305734 0.420369 0.375611 
0.98 0.0275917 0.347678 0.342268 
0.99 0.0275035 0.37517 0.30836 
1 0.0325301 0.433077 0.351048 
1.01 0.0379699 0.420603 0.44057 
1.02 0.038707 0.337936 0.485684 
1.03 0.0356051 0.271128 0.45374 
1.04 0.0340514 0.277912 0.407064 
1.05 0.0373842 0.326199 0.422636 
1.06 0.0433051 0.342845 0.502912 
1.07 0.0467872 0.297575 0.57841 
1.08 0.0455313 0.227581 0.587112 
1.09 0.0420674 0.190349 0.537782 
1.1 0.040901 0.205395 0.495772 
1.11 0.0441084 0.24198 0.515715 
1.12 0.0496477 0.254435 0.591593 
1.13 0.0535011 0.22409 0.66708 
1.14 0.0532633 0.170745 0.688629 
1.15 0.0499844 0.130571 0.650257 
1.16 0.0470341 0.125103 0.594399 
1.17 0.0472999 0.147165 0.574389 
1.18 0.0510734 0.170706 0.612897 
1.19 0.0560694 0.172377 0.687868 
1.2 0.0592565 0.147217 0.752181 
1.21 0.0589809 0.108993 0.768461 
1.22 0.055931 0.078232 0.733284 
1.23 0.0524876 0.0682232 0.676406 
1.24 0.0511007 0.0781286 0.639079 
1.25 0.0528163 0.0958197 0.647844 
1.26 0.056797 0.106697 0.700139 
1.27 0.0609663 0.102187 0.768382 
1.28 0.0632574 0.0833125 0.8176 
1.29 0.0627094 0.0584944 0.82501 
1.3 0.0598618 0.0380023 0.790884 
1.31 0.0563475 0.0285943 0.736347 
1.32 0.0540005 0.0309344 0.691046 
1.33 0.0539735 0.0403936 0.678148 
1.34 0.0562728 0.0500957 0.704118 
1.35 0.0598608 0.0543186 0.757296 
1.36 0.0632007 0.0506762 0.814676 
1.37 0.0649487 0.0404337 0.852781 
1.38 0.064486 0.0272706 0.857486 
1.39 0.0620984 0.0153683 0.828903 
1.4 0.0587842 0.00774375 0.780061 
1.41 0.0558147 0.00541258 0.730771 
1.42 0.0542443 0.0074835 0.699641 
1.43 0.0545561 0.0119064 0.697446 
1.44 0.056546 0.0164276 0.724028 
1.45 0.0594542 0.0193565 0.769323 
1.46 0.062265 0.0199292 0.817607 
1.47 0.0640542 0.0182649 0.853118 
1.48 0.064269 0.0150538 0.865054 
1.49 0.0628626 0.0111724 0.850479 
1.5 0.0602628 0.00738147 0.814515 
1.51 0.0572072 0.00418618 0.768141 
1.52 0.054509 0.00184587 0.724551 
1.53 0.052828 0.000470396 0.695288 
1.54 0.0525089 0.000122339 0.687262 
1.55 0.0535196 0.000866873 0.701322 
1.56 0.0554923 0.00275091 0.732562 
1.57 0.0578442 0.00573167 0.772051 
1.58 0.0599368 0.00959834 0.809371 
1.59 0.0612306 0.0139324 0.835237 
1.6 0.0614009 0.0181359 0.843573 
1.61 0.0603919 0.0215314 0.832627 
1.62 0.0584057 0.0235097 0.804993 
1.63 0.0558372 0.0236862 0.766689 
1.64 0.0531756 0.0220213 0.725588 
1.65 0.050897 0.0188701 0.689644 
1.66 0.0493707 0.0149442 0.665269 
1.67 0.0487972 0.0111916 0.656203 
1.68 0.0491842 0.00862009 0.663011 
1.69 0.0503617 0.00810096 0.68324 
1.7 0.0520273 0.0101952 0.71212 
1.71 0.0538112 0.0150366 0.743608 
1.72 0.0553455 0.0222944 0.771559 
1.73 0.0563262 0.031221 0.790791 
1.74 0.0565583 0.0407735 0.797874 
1.75 0.0559783 0.0497863 0.791557 
1.76 0.0546534 0.0571615 0.772794 
1.77 0.0527607 0.0620452 0.744417 
1.78 0.0505512 0.0639614 0.710554 
1.79 0.0483073 0.0628826 0.675903 
1.8 0.0462989 0.0592308 0.645003 
1.81 0.0447467 0.0538106 0.621586 
1.82 0.0437955 0.0476894 0.608121 
1.83 0.0435006 0.0420433 0.605573 
1.84 0.0438278 0.0379946 0.613385 
1.85 0.0446648 0.0364621 0.629674 
1.86 0.0458415 0.0380444 0.651577 
1.87 0.0471563 0.0429506 0.675685 
1.88 0.0484024 0.0509825 0.698511 
1.89 0.0493934 0.0615689 0.716919 
1.9 0.0499835 0.0738438 0.728467 
1.91 0.0500806 0.0867555 0.731643 
1.92 0.0496532 0.0991933 0.725966 
1.93 0.0487285 0.110113 0.711959 
1.94 0.0473857 0.118652 0.691025 
1.95 0.0457429 0.124213 0.665223 
1.96 0.0439426 0.126522 0.637008 
1.97 0.0421353 0.125645 0.608945 
1.98 0.0404635 0.121966 0.583448 
1.99 0.0390489 0.116144 0.562545 
2 0.0379824 0.109036 0.547714 
2.01 0.0373173 0.101605 0.539782 
2.02 0.0370679 0.0948319 0.538891 
2.03 0.0372106 0.0896196 0.544541 
2.04 0.037689 0.0867171 0.555676 
2.05 0.0384212 0.0866586 0.570818 
2.06 0.0393086 0.089725 0.588226 
2.07 0.0402454 0.0959299 0.606062 
2.08 0.0411276 0.105029 0.62255 
2.09 0.0418614 0.11655 0.636117 
2.1 0.0423701 0.129839 0.645506 
2.11 0.0425981 0.144118 0.64985 
2.12 0.0425144 0.158554 0.648717 
2.13 0.0421127 0.172318 0.642105 
2.14 0.0414104 0.184652 0.63042 
2.15 0.0404452 0.194917 0.614414 
2.16 0.0392716 0.202638 0.595109 
2.17 0.0379556 0.207525 0.573704 
2.18 0.0365695 0.209491 0.551485 
2.19 0.0351864 0.208645 0.529728 
2.2 0.0338759 0.20528 0.509614 
2.21 0.0326991 0.199843 0.492161 
2.22 0.0317061 0.192903 0.478169 
2.23 0.030933 0.185107 0.46818 
2.24 0.0304008 0.177137 0.462467 
2.25 0.0301156 0.169671 0.461032 
2.26 0.0300685 0.163336 0.463624 
2.27 0.0302379 0.158679 0.469769 
2.28 0.0305909 0.156136 0.478818 
2.29 0.0310865 0.156015 0.489987 
2.3 0.0316779 0.15848 0.502417 
2.31 0.0323158 0.16355 0.515221 
2.32 0.032951 0.171107 0.527536 
2.33 0.033537 0.180903 0.53857 
2.34 0.0340324 0.192583 0.547632 
2.35 0.0344022 0.205705 0.554168 
2.36 0.0346197 0.219767 0.557777 
2.37 0.0346669 0.234235 0.558222 
2.38 0.0345349 0.248567 0.555431 
2.39 0.0342237 0.262246 0.54949 
2.4 0.0337419 0.274794 0.540629 
2.41 0.0331051 0.285801 0.529203 
2.42 0.0323357 0.294934 0.515669 
2.43 0.0314604 0.301955 0.500555 
2.44 0.0305096 0.30672 0.484437 
2.45 0.0295155 0.309188 0.467906 
2.46 0.0285107 0.309413 0.451548 
2.47 0.0275267 0.307541 0.435913 
2.48 0.0265928 0.303801 0.421498 
2.49 0.0257349 0.298485 0.408729 
2.5 0.0249751 0.291944 0.397949 
2.51 0.0243304 0.284562 0.389408 
2.52 0.023813 0.276747 0.383258 
2.53 0.0234296 0.26891 0.379555 
2.54 0.0231819 0.261452 0.378263 
2.55 0.0230666 0.254747 0.379259 
2.56 0.0230761 0.249132 0.382342 
2.57 0.0231984 0.244896 0.387248 
2.58 0.0234187 0.242271 0.393661 
2.59 0.0237193 0.241427 0.401226 
2.6 0.0240808 0.242469 0.409566 
2.61 0.0244827 0.245435 0.418296 
2.62 0.0249041 0.250301 0.427033 
2.63 0.0253245 0.256978 0.435414 
2.64 0.0257246 0.265326 0.4431 
2.65 0.0260865 0.275153 0.449793 
2.66 0.0263943 0.286228 0.455237 
2.67 0.0266345 0.298288 0.459226 
2.68 0.0267964 0.311046 0.461607 
2.69 0.0268721 0.324205 0.462284 
2.7 0.0268565 0.337461 0.461213 
2.71 0.0267474 0.350517 0.458404 
2.72 0.0265454 0.363089 0.453918 
2.73 0.0262537 0.374916 0.447858 
2.74 0.025878 0.38576 0.44037 
2.75 0.0254259 0.39542 0.431631 
2.76 0.0249066 0.403728 0.421846 
2.77 0.0243312 0.410559 0.411241 
2.78 0.0237113 0.415827 0.400051 
2.79 0.0230594 0.419488 0.388521 
2.8 0.0223884 0.421541 0.376892 
2.81 0.0217111 0.422023 0.3654 
2.82 0.0210398 0.421006 0.354267 
2.83 0.0203864 0.4186 0.3437 
2.84 0.0197618 0.414941 0.333881 
2.85 0.0191758 0.410192 0.324971 
2.86 0.0186371 0.404536 0.317101 
2.87 0.0181527 0.398171 0.310375 
2.88 0.0177283 0.391305 0.304866 
2.89 0.0173682 0.384151 0.300618 
2.9 0.0170748 0.376923 0.297644 
2.91 0.0168494 0.36983 0.295933 
2.92 0.0166915 0.363072 0.295442 
2.93 0.0165994 0.356835 0.296109 
2.94 0.0165702 0.351292 0.297848 
2.95 0.0165997 0.346594 0.300556 
2.96 0.0166827 0.342871 0.304112 
2.97 0.0168134 0.340232 0.308385 
2.98 0.0169851 0.338759 0.313235 
2.99 0.0171907 0.33851 0.318516 
3 0.0174227 0.339519 0.32408 
3.01 0.0176736 0.341792 0.329778 
3.02 0.0179356 0.345315 0.335466 
3.03 0.0182013 0.35005 0.341005 
3.04 0.0184632 0.355935 0.346266 
3.05 0.0187147 0.362893 0.351127 
3.06 0.0189491 0.370827 0.355482 
3.07 0.0191608 0.379628 0.359234 
3.08 0.0193444 0.389172 0.362304 
3.09 0.0194955 0.399327 0.364625 
3.1 0.0196102 0.409955 0.366148 
3.11 0.0196857 0.420911 0.366838 
3.12 0.0197197 0.432051 0.366674 
3.13 0.0197107 0.443231 0.365654 
3.14 0.0196581 0.454308 0.363786 
3.15 0.0195619 0.465146 0.361094 
3.16 0.0194229 0.475617 0.357613 
3.17 0.0192425 0.485599 0.35339 
3.18 0.0190226 0.494982 0.348482 
3.19 0.0187659 0.503669 0.342952 
3.2 0.0184753 0.511573 0.336875 
3.21 0.0181542 0.518622 0.330327 
3.22 0.0178064 0.524757 0.323392 
3.23 0.0174358 0.529934 0.316153 
3.24 0.0170465 0.534125 0.308699 
3.25 0.016643 0.537313 0.301114 
3.26 0.0162296 0.539497 0.293486 
3.27 0.0158105 0.540689 0.285898 
3.28 0.0153901 0.540914 0.278429 
3.29 0.0149725 0.540208 0.271155 
3.3 0.0145617 0.53862 0.264147 
3.31 0.0141614 0.536206 0.25747 
3.32 0.0137752 0.533035 0.251182 
3.33 0.0134061 0.529179 0.245335 
3.34 0.0130571 0.524721 0.239974 
3.35 0.0127308 0.519745 0.235134 
3.36 0.0124293 0.514342 0.230846 
3.37 0.0121544 0.508604 0.227131 
3.38 0.0119075 0.502625 0.224004 
3.39 0.0116898 0.496501 0.22147 
3.4 0.0115019 0.490323 0.21953 
3.41 0.0113441 0.484185 0.218176 
3.42 0.0112165 0.478175 0.217395 
3.43 0.0111187 0.472377 0.217167 
3.44 0.01105 0.466873 0.217467 
3.45 0.0110096 0.461737 0.218266 
3.46 0.0109961 0.457039 0.219528 
3.47 0.0110082 0.452841 0.221216 
3.48 0.0110442 0.449198 0.223289 
3.49 0.0111023 0.44616 0.225702 
3.5 0.0111803 0.443766 0.22841 
3.51 0.0112762 0.44205 0.231365 
3.52 0.0113878 0.441038 0.234518 
3.53 0.0115127 0.440747 0.237821 
3.54 0.0116486 0.441187 0.241225 
3.55 0.0117931 0.44236 0.244684 
3.56 0.0119438 0.444261 0.248148 
3.57 0.0120984 0.44688 0.251575 
3.58 0.0122545 0.450198 0.25492 
3.59 0.01241 0.454189 0.258143 
3.6 0.0125626 0.458826 0.261204 
3.61 0.0127104 0.46407 0.264069 
3.62 0.0128515 0.469884 0.266704 
3.63 0.012984 0.476222 0.269081 
3.64 0.0131062 0.483037 0.271174 
3.65 0.0132168 0.490277 0.272959 
3.66 0.0133144 0.497889 0.274418 
3.67 0.0133978 0.505818 0.275535 
3.68 0.0134659 0.514006 0.276298 
3.69 0.013518 0.522396 0.276699 
3.7 0.0135534 0.530929 0.276732 
3.71 0.0135715 0.539547 0.276397 
3.72 0.0135721 0.548194 0.275693 
3.73 0.013555 0.556812 0.274626 
3.74 0.01352 0.565346 0.273202 
3.75 0.0134674 0.573745 0.271432 
3.76 0.0133974 0.581956 0.269329 
3.77 0.0133104 0.589931 0.266906 
3.78 0.0132069 0.597626 0.264182 
3.79 0.0130875 0.604998 0.261174 
3.8 0.012953 0.612008 0.257903 
3.81 0.0128042 0.618621 0.254391 
3.82 0.012642 0.624805 0.250661 
3.83 0.0124675 0.630532 0.246737 
3.84 0.0122815 0.635777 0.242643 
3.85 0.0120854 0.640522 0.238405 
3.86 0.0118801 0.644748 0.234049 
3.87 0.0116669 0.648445 0.2296 
3.88 0.011447 0.651602 0.225083 
3.89 0.0112216 0.654217 0.220525 
3.9 0.0109918 0.656287 0.215949 
3.91 0.010759 0.657815 0.211381 
3.92 0.0105243 0.658807 0.206845 
3.93 0.0102889 0.659273 0.202362 
3.94 0.0100539 0.659224 0.197954 
3.95 0.00982041 0.658677 0.193643 
3.96 0.00958958 0.657649 0.189448 
3.97 0.0093624 0.656161 0.185387 
3.98 0.00913983 0.654237 0.181477 
3.99 0.0089228 0.6519 0.177733 
4 0.00871216 0.649179 0.17417 
4.01 0.00850872 0.646101 0.1708 
4.02 0.0083132 0.642698 0.167634 
4.03 0.00812627 0.638999 0.164681 
4.04 0.00794852 0.635039 0.16195 
4.05 0.00778048 0.630849 0.159447 
4.06 0.00762261 0.626463 0.157177 
4.07 0.0074753 0.621915 0.155143 
4.08 0.00733885 0.61724 0.153348 
4.09 0.00721352 0.612471 0.151792 
4.1 0.00709949 0.607641 0.150475 
4.11 0.00699687 0.602784 0.149394 
4.12 0.00690571 0.597933 0.148547 
4.13 0.006826 0.593119 0.14793 
4.14 0.00675767 0.588374 0.147535 
4.15 0.00670058 0.583726 0.147358 
4.16 0.00665455 0.579205 0.147391 
4.17 0.00661936 0.574839 0.147626 
4.18 0.00659471 0.570651 0.148053 
4.19 0.00658028 0.566669 0.148662 
4.2 0.00657571 0.562913 0.149444 
4.21 0.00658058 0.559405 0.150386 
4.22 0.00659446 0.556164 0.151479 
4.23 0.00661688 0.553209 0.152709 
4.24 0.00664734 0.550555 0.154064 
4.25 0.00668532 0.548217 0.155533 
4.26 0.00673028 0.546205 0.157101 
4.27 0.00678166 0.544532 0.158758 
4.28 0.00683889 0.543205 0.160488 
4.29 0.0069014 0.542231 0.162281 
4.3 0.00696859 0.541616 0.164122 
4.31 0.00703988 0.541362 0.166 
4.32 0.00711466 0.541471 0.167902 
4.33 0.00719237 0.541944 0.169815 
4.34 0.0072724 0.542777 0.171729 
4.35 0.00735418 0.543968 0.17363 
4.36 0.00743715 0.545513 0.175509 
4.37 0.00752074 0.547404 0.177355 
4.38 0.00760443 0.549634 0.179156 
4.39 0.00768767 0.552195 0.180904 
4.4 0.00776998 0.555076 0.182589 
4.41 0.00785084 0.558266 0.184202 
4.42 0.00792981 0.561752 0.185736 
4.43 0.00800642 0.565522 0.187181 
4.44 0.00808027 0.569561 0.188532 
4.45 0.00815094 0.573855 0.189782 
4.46 0.00821808 0.578386 0.190925 
4.47 0.00828132 0.58314 0.191956 
4.48 0.00834035 0.5881 0.19287 
4.49 0.00839487 0.593247 0.193663 
4.5 0.00844462 0.598565 0.194331 
4.51 0.00848935 0.604034 0.194873 
4.52 0.00852884 0.609638 0.195284 
4.53 0.00856292 0.615358 0.195564 
4.54 0.00859141 0.621175 0.195712 
4.55 0.00861418 0.627071 0.195727 
4.56 0.00863113 0.633027 0.195608 
4.57 0.00864218 0.639025 0.195357 
4.58 0.00864725 0.645047 0.194974 
4.59 0.00864632 0.651076 0.194461 
4.6 0.00863938 0.657093 0.193819 
4.61 0.00862643 0.663083 0.19305 
4.62 0.00860752 0.669027 0.192158 
4.63 0.00858269 0.67491 0.191146 
4.64 0.00855203 0.680717 0.190016 
4.65 0.00851562 0.686431 0.188772 
4.66 0.00847358 0.692039 0.187419 
4.67 0.00842604 0.697527 0.185962 
4.68 0.00837313 0.702881 0.184403 
4.69 0.00831503 0.708089 0.182749 
4.7 0.00825191 0.713139 0.181004 
4.71 0.00818394 0.718019 0.179174 
4.72 0.00811134 0.72272 0.177264 
4.73 0.00803431 0.727231 0.17528 
4.74 0.00795307 0.731545 0.173226 
4.75 0.00786784 0.735651 0.17111 
4.76 0.00777886 0.739544 0.168936 
4.77 0.00768638 0.743217 0.166711 
4.78 0.00759064 0.746664 0.16444 
4.79 0.00749189 0.74988 0.162129 
4.8 0.00739038 0.75286 0.159785 
4.81 0.00728638 0.755601 0.157412 
4.82 0.00718014 0.758101 0.155017 
4.83 0.00707192 0.760357 0.152606 
4.84 0.00696198 0.762368 0.150184 
4.85 0.00685059 0.764133 0.147757 
4.86 0.00673799 0.765653 0.14533 
4.87 0.00662444 0.766929 0.142908 
4.88 0.0065102 0.767961 0.140497 
4.89 0.00639552 0.768752 0.138101 
4.9 0.00628063 0.769305 0.135727 
4.91 0.00616578 0.769623 0.133377 
4.92 0.0060512 0.769709 0.131058 
4.93 0.00593711 0.769568 0.128772 
4.94 0.00582375 0.769205 0.126525 
4.95 0.00571131 0.768625 0.124321 
4.96 0.00560002 0.767833 0.122162 
4.97 0.00549007 0.766837 0.120053 
4.98 0.00538165 0.765643 0.117998 
4.99 0.00527494 0.764258 0.115998 
5 0.00517012 0.762688 0.114058 
5.01 0.00506735 0.760942 0.11218 
5.02 0.00496679 0.759028 0.110366 
5.03 0.0048686 0.756953 0.108618 
5.04 0.00477291 0.754727 0.10694 
5.05 0.00467984 0.752357 0.105332 
5.06 0.00458952 0.749853 0.103796 
5.07 0.00450207 0.747223 0.102334 
5.08 0.00441757 0.744476 0.100947 
5.09 0.00433613 0.741623 0.0996363 
5.1 0.00425784 0.738671 0.0984021 
5.11 0.00418275 0.73563 0.0972453 
5.12 0.00411094 0.73251 0.0961663 
5.13 0.00404247 0.729319 0.0951654 
5.14 0.00397738 0.726068 0.0942426 
5.15 0.00391571 0.722764 0.0933979 
5.16 0.0038575 0.719418 0.0926309 
5.17 0.00380275 0.716039 0.0919412 
5.18 0.0037515 0.712635 0.0913281 
5.19 0.00370374 0.709216 0.090791 
5.2 0.00365947 0.70579 0.0903288 
5.21 0.00361868 0.702365 0.0899405 
5.22 0.00358136 0.698951 0.0896249 
5.23 0.00354748 0.695555 0.0893806 
5.24 0.00351702 0.692186 0.0892064 
5.25 0.00348994 0.688851 0.0891004 
5.26 0.00346619 0.685558 0.0890612 
5.27 0.00344572 0.682314 0.089087 
5.28 0.00342849 0.679127 0.0891758 
5.29 0.00341444 0.676003 0.0893257 
5.3 0.00340349 0.672949 0.0895347 
5.31 0.00339558 0.669972 0.0898007 
5.32 0.00339064 0.667078 0.0901216 
5.33 0.00338859 0.664272 0.090495 
5.34 0.00338935 0.66156 0.0909187 
5.35 0.00339283 0.658947 0.0913904 
5.36 0.00339895 0.656439 0.0919077 
5.37 0.00340761 0.65404 0.0924681 
5.38 0.00341872 0.651754 0.0930694 
5.39 0.00343219 0.649586 0.0937089 
5.4 0.00344791 0.647539 0.0943843 
5.41 0.00346579 0.645617 0.095093 
5.42 0.00348572 0.643823 0.0958325 
5.43 0.00350759 0.64216 0.0966003 
5.44 0.00353132 0.64063 0.0973941 
5.45 0.00355678 0.639237 0.0982111 
5.46 0.00358388 0.637981 0.0990491 
5.47 0.0036125 0.636866 0.0999056 
5.48 0.00364254 0.635892 0.100778 
5.49 0.00367389 0.63506 0.101664 
5.5 0.00370645 0.634372 0.102561 
5.51 0.00374011 0.633828 0.103467 
5.52 0.00377476 0.633428 0.10438 
5.53 0.0038103 0.633173 0.105297 
5.54 0.00384662 0.633063 0.106217 
5.55 0.00388362 0.633097 0.107136 
5.56 0.0039212 0.633274 0.108053 
5.57 0.00395926 0.633595 0.108965 
5.58 0.0039977 0.634057 0.109872 
5.59 0.00403642 0.63466 0.11077 
5.6 0.00407532 0.635402 0.111658 
5.61 0.00411432 0.636281 0.112534 
5.62 0.00415332 0.637296 0.113396 
5.63 0.00419224 0.638445 0.114242 
5.64 0.00423098 0.639724 0.115072 
5.65 0.00426945 0.641133 0.115882 
5.66 0.00430759 0.642668 0.116673 
5.67 0.00434531 0.644327 0.117441 
5.68 0.00438252 0.646106 0.118187 
5.69 0.00441916 0.648003 0.118908 
5.7 0.00445515 0.650015 0.119603 
5.71 0.00449043 0.652138 0.120272 
5.72 0.00452493 0.65437 0.120912 
5.73 0.00455858 0.656705 0.121523 
5.74 0.00459132 0.659142 0.122104 
5.75 0.00462309 0.661676 0.122654 
5.76 0.00465384 0.664303 0.123173 
5.77 0.00468352 0.66702 0.123658 
5.78 0.00471208 0.669823 0.124111 
5.79 0.00473946 0.672708 0.124529 
5.8 0.00476563 0.675671 0.124913 
5.81 0.00479054 0.678707 0.125262 
5.82 0.00481416 0.681813 0.125575 
5.83 0.00483645 0.684985 0.125853 
5.84 0.00485737 0.688218 0.126094 
5.85 0.0048769 0.691508 0.126298 
5.86 0.00489501 0.694852 0.126466 
5.87 0.00491168 0.698244 0.126597 
5.88 0.00492687 0.701681 0.126692 
5.89 0.00494058 0.705158 0.126749 
5.9 0.00495279 0.708671 0.126769 
5.91 0.00496348 0.712217 0.126752 
5.92 0.00497264 0.715791 0.126699 
5.93 0.00498026 0.719389 0.126609 
5.94 0.00498634 0.723006 0.126482 
5.95 0.00499087 0.726639 0.126319 
5.96 0.00499384 0.730285 0.126121 
5.97 0.00499526 0.733937 0.125887 
5.98 0.00499513 0.737594 0.125618 
5.99 0.00499345 0.741251 0.125314 
6 0.00499024 0.744905 0.124976 
6.01 0.00498549 0.748551 0.124605 
6.02 0.00497922 0.752186 0.1242 
6.03 0.00497143 0.755806 0.123763 
6.04 0.00496216 0.759408 0.123294 
6.05 0.0049514 0.762988 0.122793 
6.06 0.00493917 0.766544 0.122262 
6.07 0.0049255 0.770071 0.121701 
6.08 0.00491041 0.773567 0.121111 
6.09 0.00489391 0.777028 0.120492 
6.1 0.00487603 0.780452 0.119845 
6.11 0.00485679 0.783835 0.119172 
6.12 0.00483622 0.787175 0.118472 
6.13 0.00481435 0.790468 0.117747 
6.14 0.0047912 0.793713 0.116998 
6.15 0.0047668 0.796906 0.116225 
6.16 0.00474118 0.800046 0.115429 
6.17 0.00471438 0.803129 0.114611 
6.18 0.00468642 0.806154 0.113772 
6.19 0.00465734 0.809118 0.112914 
6.2 0.00462716 0.812019 0.112035 
6.21 0.00459593 0.814855 0.111139 
6.22 0.00456368 0.817625 0.110225 
6.23 0.00453045 0.820326 0.109295 
6.24 0.00449626 0.822957 0.108349 
6.25 0.00446115 0.825517 0.107389 
6.26 0.00442517 0.828002 0.106414 
6.27 0.00438835 0.830414 0.105428 
6.28 0.00435072 0.832749 0.104429 
6.29 0.00431232 0.835007 0.103419 
6.3 0.00427319 0.837187 0.102399 
6.31 0.00423337 0.839287 0.10137 
6.32 0.00419289 0.841307 0.100333 
6.33 0.0041518 0.843246 0.0992882 
6.34 0.00411013 0.845103 0.0982371 
6.35 0.00406791 0.846877 0.0971805 
6.36 0.00402519 0.848569 0.0961191 
6.37 0.003982 0.850177 0.0950539 
6.38 0.00393839 0.8517 0.0939857 
6.39 0.00389438 0.85314 0.0929153 
6.4 0.00385001 0.854495 0.0918436 
6.41 0.00380533 0.855766 0.0907713 
6.42 0.00376036 0.856952 0.0896993 
6.43 0.00371514 0.858053 0.0886283 
6.44 0.00366972 0.85907 0.0875592 
6.45 0.00362412 0.860002 0.0864926 
6.46 0.00357837 0.86085 0.0854294 
6.47 0.00353252 0.861615 0.0843702 
6.48 0.0034866 0.862296 0.0833157 
6.49 0.00344063 0.862894 0.0822667 
6.5 0.00339466 0.86341 0.0812238 
6.51 0.00334871 0.863843 0.0801877 
6.52 0.00330282 0.864196 0.079159 
6.53 0.00325702 0.864468 0.0781384 
6.54 0.00321133 0.864661 0.0771264 
6.55 0.0031658 0.864774 0.0761237 
6.56 0.00312044 0.86481 0.0751308 
6.57 0.00307528 0.864769 0.0741482 
6.58 0.00303036 0.864651 0.0731766 
6.59 0.0029857 0.864459 0.0722164 
6.6 0.00294133 0.864193 0.071268 
6.61 0.00289727 0.863854 0.0703321 
6.62 0.00285355 0.863443 0.0694091 
6.63 0.00281019 0.862962 0.0684993 
6.64 0.00276722 0.862412 0.0676032 
6.65 0.00272465 0.861794 0.0667213 
6.66 0.00268252 0.861109 0.0658538 
6.67 0.00264084 0.86036 0.0650013 
6.68 0.00259964 0.859547 0.0641639 
6.69 0.00255893 0.858671 0.0633421 
6.7 0.00251873 0.857735 0.0625362 
6.71 0.00247906 0.856739 0.0617464 
6.72 0.00243995 0.855685 0.060973 
6.73 0.0024014 0.854575 0.0602163 
6.74 0.00236343 0.853411 0.0594766 
6.75 0.00232606 0.852193 0.058754 
6.76 0.0022893 0.850924 0.0580488 
6.77 0.00225318 0.849604 0.0573611 
6.78 0.00221769 0.848236 0.0566911 
6.79 0.00218285 0.846822 0.056039 
6.8 0.00214868 0.845362 0.0554049 
6.81 0.00211519 0.843859 0.0547889 
6.82 0.00208238 0.842314 0.0541912 
6.83 0.00205027 0.84073 0.0536118 
6.84 0.00201887 0.839106 0.0530508 
6.85 0.00198818 0.837446 0.0525083 
6.86 0.00195821 0.835751 0.0519843 
6.87 0.00192897 0.834023 0.0514788 
6.88 0.00190047 0.832262 0.0509919 
6.89 0.0018727 0.830472 0.0505235 
6.9 0.00184569 0.828653 0.0500737 
6.91 0.00181942 0.826808 0.0496424 
6.92 0.00179391 0.824938 0.0492296 
6.93 0.00176916 0.823044 0.0488352 
6.94 0.00174517 0.821129 0.0484592 
6.95 0.00172194 0.819194 0.0481016 
6.96 0.00169947 0.81724 0.0477621 
6.97 0.00167777 0.815269 0.0474408 
6.98 0.00165684 0.813284 0.0471374 
6.99 0.00163667 0.811285 0.046852 
7 0.00161727 0.809273 0.0465843 
7.01 0.00159863 0.807252 0.0463343 
7.02 0.00158075 0.805221 0.0461017 
7.03 0.00156363 0.803183 0.0458865 
7.04 0.00154727 0.80114 0.0456884 
7.05 0.00153166 0.799092 0.0455072 
7.06 0.0015168 0.797041 0.0453429 
7.07 0.00150269 0.794989 0.0451951 
7.08 0.00148932 0.792938 0.0450638 
7.09 0.00147669 0.790887 0.0449486 
7.1 0.00146479 0.78884 0.0448494 
7.11 0.00145362 0.786797 0.044766 
7.12 0.00144317 0.78476 0.0446981 
7.13 0.00143343 0.782729 0.0446454 
7.14 0.0014244 0.780708 0.0446078 
7.15 0.00141606 0.778695 0.044585 
7.16 0.00140842 0.776694 0.0445768 
7.17 0.00140147 0.774705 0.0445828 
7.18 0.00139519 0.772729 0.0446028 
7.19 0.00138958 0.770768 0.0446367 
7.2 0.00138463 0.768823 0.044684 
7.21 0.00138033 0.766894 0.0447445 
7.22 0.00137668 0.764984 0.0448179 
7.23 0.00137365 0.763092 0.044904 
7.24 0.00137125 0.761221 0.0450025 
7.25 0.00136946 0.759371 0.045113 
7.26 0.00136828 0.757543 0.0452354 
7.27 0.00136768 0.755739 0.0453692 
7.28 0.00136767 0.753958 0.0455143 
7.29 0.00136824 0.752203 0.0456702 
7.3 0.00136936 0.750474 0.0458368 
7.31 0.00137103 0.748771 0.0460136 
7.32 0.00137325 0.747096 0.0462005 
7.33 0.00137599 0.74545 0.0463971 
7.34 0.00137924 0.743833 0.0466031 
7.35 0.00138301 0.742246 0.0468182 
7.36 0.00138726 0.74069 0.0470421 
7.37 0.001392 0.739166 0.0472744 
7.38 0.00139721 0.737674 0.047515 
7.39 0.00140288 0.736214 0.0477635 
7.4 0.001409 0.734788 0.0480195 
7.41 0.00141555 0.733396 0.0482829 
7.42 0.00142252 0.732039 0.0485532 
7.43 0.00142991 0.730717 0.0488302 
7.44 0.00143769 0.729431 0.0491136 
7.45 0.00144586 0.728181 0.0494031 
7.46 0.00145441 0.726968 0.0496984 
7.47 0.00146332 0.725792 0.0499992 
7.48 0.00147258 0.724653 0.0503052 
7.49 0.00148218 0.723553 0.0506161 
7.5 0.00149211 0.72249 0.0509316 
7.51 0.00150235 0.721467 0.0512515 
7.52 0.0015129 0.720482 0.0515754 
7.53 0.00152374 0.719537 0.0519031 
7.54 0.00153485 0.718631 0.0522343 
7.55 0.00154624 0.717765 0.0525688 
7.56 0.00155788 0.716939 0.0529061 
7.57 0.00156976 0.716154 0.0532462 
7.58 0.00158188 0.715408 0.0535887 
7.59 0.00159422 0.714703 0.0539333 
7.6 0.00160677 0.714039 0.0542798 
7.61 0.00161951 0.713416 0.0546279 
7.62 0.00163245 0.712833 0.0549774 
7.63 0.00164556 0.712292 0.055328 
7.64 0.00165883 0.711791 0.0556795 
7.65 0.00167226 0.711331 0.0560317 
7.66 0.00168582 0.710913 0.0563842 
7.67 0.00169952 0.710535 0.0567368 
7.68 0.00171335 0.710198 0.0570894 
7.69 0.00172728 0.709902 0.0574417 
7.7 0.00174131 0.709647 0.0577935 
7.71 0.00175543 0.709433 0.0581444 
7.72 0.00176963 0.709259 0.0584945 
7.73 0.0017839 0.709126 0.0588433 
7.74 0.00179823 0.709033 0.0591907 
7.75 0.00181261 0.70898 0.0595366 
7.76 0.00182702 0.708967 0.0598806 
7.77 0.00184147 0.708994 0.0602226 
7.78 0.00185594 0.709061 0.0605624 
7.79 0.00187042 0.709166 0.0608999 
7.8 0.0018849 0.709311 0.0612348 
7.81 0.00189938 0.709495 0.0615669 
7.82 0.00191384 0.709718 0.0618961 
7.83 0.00192828 0.709978 0.0622223 
7.84 0.00194268 0.710277 0.0625451 
7.85 0.00195705 0.710613 0.0628646 
7.86 0.00197136 0.710987 0.0631804 
7.87 0.00198562 0.711397 0.0634925 
7.88 0.00199981 0.711845 0.0638007 
7.89 0.00201393 0.712328 0.0641049 
7.9 0.00202797 0.712848 0.0644049 
7.91 0.00204193 0.713403 0.0647006 
7.92 0.00205578 0.713993 0.0649918 
7.93 0.00206954 0.714618 0.0652784 
7.94 0.00208319 0.715277 0.0655603 
7.95 0.00209672 0.71597 0.0658374 
7.96 0.00211013 0.716697 0.0661096 
7.97 0.00212341 0.717456 0.0663767 
7.98 0.00213656 0.718248 0.0666386 
7.99 0.00214956 0.719073 0.0668952 
8 0.00216242 0.719928 0.0671465 
8.01 0.00217513 0.720816 0.0673923 
8.02 0.00218767 0.721733 0.0676325 
8.03 0.00220006 0.722681 0.067867 
8.04 0.00221227 0.723659 0.0680959 
8.05 0.00222431 0.724666 0.0683188 
8.06 0.00223617 0.725701 0.0685359 
8.07 0.00224785 0.726765 0.068747 
8.08 0.00225934 0.727857 0.0689521 
8.09 0.00227064 0.728975 0.0691511 
8.1 0.00228174 0.73012 0.0693438 
8.11 0.00229264 0.731292 0.0695304 
8.12 0.00230333 0.732489 0.0697106 
8.13 0.00231381 0.73371 0.0698845 
8.14 0.00232408 0.734957 0.070052 
8.15 0.00233413 0.736227 0.0702131 
8.16 0.00234397 0.737521 0.0703677 
8.17 0.00235358 0.738837 0.0705158 
8.18 0.00236296 0.740176 0.0706573 
8.19 0.00237211 0.741537 0.0707923 
8.2 0.00238103 0.742919 0.0709206 
8.21 0.00238972 0.744321 0.0710423 
8.22 0.00239817 0.745744 0.0711573 
8.23 0.00240637 0.747186 0.0712657 
8.24 0.00241434 0.748647 0.0713673 
8.25 0.00242206 0.750126 0.0714623 
8.26 0.00242953 0.751623 0.0715505 
8.27 0.00243676 0.753138 0.071632 
8.28 0.00244374 0.754669 0.0717068 
8.29 0.00245046 0.756216 0.0717748 
8.3 0.00245693 0.757779 0.0718361 
8.31 0.00246315 0.759357 0.0718907 
8.32 0.00246911 0.760949 0.0719386 
8.33 0.00247481 0.762556 0.0719797 
8.34 0.00248025 0.764175 0.0720141 
8.35 0.00248544 0.765808 0.0720419 
8.36 0.00249037 0.767453 0.072063 
8.37 0.00249503 0.769109 0.0720774 
8.38 0.00249944 0.770777 0.0720852 
8.39 0.00250358 0.772455 0.0720864 
8.4 0.00250746 0.774144 0.0720811 
8.41 0.00251108 0.775842 0.0720691 
8.42 0.00251444 0.777549 0.0720507 
8.43 0.00251754 0.779264 0.0720257 
8.44 0.00252037 0.780987 0.0719943 
8.45 0.00252295 0.782718 0.0719564 
8.46 0.00252526 0.784456 0.0719122 
8.47 0.00252731 0.7862 0.0718616 
8.48 0.0025291 0.78795 0.0718048 
8.49 0.00253063 0.789705 0.0717416 
8.5 0.0025319 0.791465 0.0716723 
8.51 0.00253291 0.79323 0.0715968 
8.52 0.00253367 0.794998 0.0715151 
8.53 0.00253416 0.79677 0.0714274 
8.54 0.0025344 0.798545 0.0713337 
8.55 0.00253439 0.800321 0.071234 
8.56 0.00253413 0.8021 0.0711284 
8.57 0.00253361 0.80388 0.0710169 
8.58 0.00253284 0.805662 0.0708996 
8.59 0.00253182 0.807443 0.0707766 
8.6 0.00253055 0.809225 0.0706479 
8.61 0.00252904 0.811006 0.0705136 
8.62 0.00252728 0.812786 0.0703737 
8.63 0.00252527 0.814565 0.0702283 
8.64 0.00252303 0.816342 0.0700775 
8.65 0.00252055 0.818117 0.0699213 
8.66 0.00251782 0.819889 0.0697598 
8.67 0.00251487 0.821658 0.0695931 
8.68 0.00251167 0.823424 0.0694212 
8.69 0.00250825 0.825186 0.0692442 
8.7 0.00250459 0.826943 0.0690621 
8.71 0.00250071 0.828696 0.0688752 
8.72 0.0024966 0.830443 0.0686833 
8.73 0.00249227 0.832185 0.0684866 
8.74 0.00248772 0.833921 0.0682851 
8.75 0.00248294 0.835651 0.068079 
8.76 0.00247795 0.837374 0.0678683 
8.77 0.00247275 0.83909 0.0676531 
8.78 0.00246733 0.840799 0.0674334 
8.79 0.00246171 0.8425 0.0672093 
8.8 0.00245588 0.844193 0.066981 
8.81 0.00244984 0.845877 0.0667484 
8.82 0.0024436 0.847553 0.0665116 
8.83 0.00243716 0.84922 0.0662708 
8.84 0.00243053 0.850877 0.066026 
8.85 0.0024237 0.852524 0.0657773 
8.86 0.00241668 0.854162 0.0655248 
8.87 0.00240947 0.855788 0.0652685 
8.88 0.00240208 0.857405 0.0650085 
8.89 0.0023945 0.85901 0.0647449 
8.9 0.00238674 0.860604 0.0644777 
8.91 0.00237881 0.862186 0.0642072 
8.92 0.0023707 0.863757 0.0639332 
8.93 0.00236242 0.865316 0.063656 
8.94 0.00235397 0.866862 0.0633755 
8.95 0.00234535 0.868395 0.063092 
8.96 0.00233657 0.869916 0.0628053 
8.97 0.00232763 0.871423 0.0625157 
8.98 0.00231853 0.872918 0.0622232 
8.99 0.00230928 0.874398 0.0619279 
9 0.00229988 0.875865 0.0616298 
9.01 0.00229032 0.877318 0.061329 
9.02 0.00228062 0.878756 0.0610257 
9.03 0.00227078 0.88018 0.0607199 
9.04 0.0022608 0.881589 0.0604116 
9.05 0.00225069 0.882984 0.060101 
9.06 0.00224043 0.884363 0.059788 
9.07 0.00223005 0.885727 0.0594729 
9.08 0.00221954 0.887076 0.0591557 
9.09 0.00220891 0.888409 0.0588364 
9.1 0.00219815 0.889726 0.0585152 
9.11 0.00218727 0.891027 0.058192 
9.12 0.00217628 0.892312 0.057867 
9.13 0.00216518 0.893581 0.0575403 
9.14 0.00215396 0.894833 0.0572119 
9.15 0.00214264 0.896069 0.0568819 
9.16 0.00213121 0.897288 0.0565503 
9.17 0.00211969 0.89849 0.0562173 
9.18 0.00210806 0.899676 0.0558829 
9.19 0.00209634 0.900844 0.0555472 
9.2 0.00208452 0.901995 0.0552103 
9.21 0.00207262 0.903128 0.0548722 
9.22 0.00206063 0.904245 0.054533 
9.23 0.00204855 0.905343 0.0541928 
9.24 0.0020364 0.906424 0.0538516 
9.25 0.00202416 0.907488 0.0535095 
9.26 0.00201186 0.908533 0.0531666 
9.27 0.00199947 0.909561 0.0528229 
9.28 0.00198702 0.910571 0.0524785 
9.29 0.00197451 0.911563 0.0521336 
9.3 0.00196192 0.912536 0.051788 
9.31 0.00194928 0.913492 0.051442 
9.32 0.00193658 0.914429 0.0510955 
9.33 0.00192382 0.915348 0.0507487 
9.34 0.00191101 0.916249 0.0504016 
9.35 0.00189815 0.917131 0.0500542 
9.36 0.00188524 0.917995 0.0497067 
9.37 0.00187229 0.918841 0.049359 
9.38 0.00185929 0.919668 0.0490113 
9.39 0.00184625 0.920476 0.0486636 
9.4 0.00183318 0.921266 0.0483159 
9.41 0.00182007 0.922038 0.0479684 
9.42 0.00180693 0.922791 0.0476211 
9.43 0.00179376 0.923526 0.047274 
9.44 0.00178057 0.924241 0.0469272 
9.45 0.00176735 0.924939 0.0465807 
9.46 0.0017541 0.925618 0.0462346 
9.47 0.00174084 0.926278 0.045889 
9.48 0.00172756 0.92692 0.045544 
9.49 0.00171426 0.927543 0.0451994 
9.5 0.00170096 0.928148 0.0448555 
9.51 0.00168764 0.928734 0.0445123 
9.52 0.00167431 0.929302 0.0441698 
9.53 0.00166098 0.929851 0.043828 
9.54 0.00164765 0.930382 0.0434871 
9.55 0.00163431 0.930895 0.043147 
9.56 0.00162098 0.931389 0.0428079 
9.57 0.00160765 0.931866 0.0424697 
9.58 0.00159432 0.932323 0.0421325 
9.59 0.001581 0.932763 0.0417964 
9.6 0.0015677 0.933185 0.0414614 
9.61 0.0015544 0.933588 0.0411275 
9.62 0.00154112 0.933974 0.0407948 
9.63 0.00152785 0.934341 0.0404633 
9.64 0.00151461 0.934691 0.0401331 
9.65 0.00150138 0.935023 0.0398042 
9.66 0.00148818 0.935337 0.0394767 
9.67 0.00147499 0.935633 0.0391505 
9.68 0.00146184 0.935912 0.0388258 
9.69 0.00144871 0.936173 0.0385026 
9.7 0.00143561 0.936417 0.0381808 
9.71 0.00142255 0.936643 0.0378606 
9.72 0.00140951 0.936852 0.037542 
9.73 0.00139652 0.937044 0.037225 
9.74 0.00138355 0.937219 0.0369096 
9.75 0.00137063 0.937377 0.036596 
9.76 0.00135775 0.937518 0.036284 
9.77 0.00134491 0.937642 0.0359738 
9.78 0.00133211 0.937749 0.0356654 
9.79 0.00131936 0.93784 0.0353587 
9.8 0.00130665 0.937914 0.035054 
9.81 0.00129399 0.937972 0.034751 
9.82 0.00128138 0.938014 0.03445 
9.83 0.00126883 0.938039 0.0341509 
9.84 0.00125632 0.938048 0.0338538 
9.85 0.00124387 0.938041 0.0335587 
9.86 0.00123148 0.938019 0.0332655 
9.87 0.00121914 0.93798 0.0329744 
9.88 0.00120686 0.937927 0.0326854 
9.89 0.00119464 0.937857 0.0323984 
9.9 0.00118248 0.937772 0.0321136 
9.91 0.00117039 0.937672 0.0318308 
9.92 0.00115836 0.937557 0.0315503 
9.93 0.00114639 0.937427 0.0312719 
9.94 0.00113449 0.937281 0.0309957 
9.95 0.00112265 0.937122 0.0307217 
9.96 0.00111089 0.936947 0.0304499 
9.97 0.00109919 0.936758 0.0301804 
9.98 0.00108756 0.936555 0.0299132 
9.99 0.00107601 0.936337 0.0296482 
10 0.00106452 0.936105 0.0293856 
10.01 0.00105312 0.93586 0.0291253 
10.02 0.00104178 0.9356 0.0288673 
10.03 0.00103052 0.935327 0.0286117 
10.04 0.00101934 0.93504 0.0283584 
10.05 0.00100824 0.93474 0.0281076 
10.06 0.000997215 0.934426 0.0278591 
10.07 0.000986269 0.9341 0.027613 
10.08 0.000975403 0.93376 0.0273694 
10.09 0.000964619 0.933408 0.0271282 
10.1 0.000953916 0.933043 0.0268894 
10.11 0.000943296 0.932665 0.0266531 
10.12 0.00093276 0.932275 0.0264193 
10.13 0.000922307 0.931873 0.026188 
10.14 0.00091194 0.931458 0.0259591 
10.15 0.000901658 0.931032 0.0257327 
10.16 0.000891462 0.930593 0.0255088 
10.17 0.000881354 0.930144 0.0252875 
10.18 0.000871332 0.929682 0.0250686 
10.19 0.000861399 0.929209 0.0248523 
10.2 0.000851555 0.928725 0.0246385 
10.21 0.0008418 0.92823 0.0244273 
10.22 0.000832135 0.927724 0.0242186 
10.23 0.00082256 0.927207 0.0240124 
10.24 0.000813076 0.926679 0.0238088 
10.25 0.000803683 0.926141 0.0236077 
10.26 0.000794382 0.925593 0.0234092 
10.27 0.000785173 0.925034 0.0232133 
10.28 0.000776057 0.924465 0.0230199 
10.29 0.000767034 0.923887 0.0228291 
10.3 0.000758105 0.923299 0.0226408 
10.31 0.000749269 0.922701 0.0224551 
10.32 0.000740527 0.922094 0.022272 
10.33 0.000731879 0.921477 0.0220915 
10.34 0.000723327 0.920851 0.0219135 
10.35 0.000714869 0.920217 0.021738 
10.36 0.000706506 0.919573 0.0215652 
10.37 0.000698239 0.918921 0.0213949 
10.38 0.000690068 0.91826 0.0212272 
10.39 0.000681993 0.917591 0.021062 
10.4 0.000674014 0.916914 0.0208994 
10.41 0.000666131 0.916229 0.0207393 
10.42 0.000658344 0.915535 0.0205818 
10.43 0.000650654 0.914834 0.0204268 
10.44 0.000643061 0.914125 0.0202744 
10.45 0.000635565 0.913409 0.0201245 
10.46 0.000628165 0.912686 0.0199772 
10.47 0.000620863 0.911955 0.0198324 
10.48 0.000613657 0.911217 0.0196901 
10.49 0.000606549 0.910472 0.0195503 
10.5 0.000599537 0.909721 0.019413 
10.51 0.000592623 0.908963 0.0192783 
10.52 0.000585806 0.908198 0.019146 
10.53 0.000579086 0.907428 0.0190163 
10.54 0.000572463 0.906651 0.018889 
10.55 0.000565937 0.905868 0.0187642 
10.56 0.000559508 0.905079 0.0186418 
10.57 0.000553175 0.904284 0.0185219 
10.58 0.00054694 0.903484 0.0184045 
10.59 0.000540801 0.902679 0.0182895 
10.6 0.000534759 0.901868 0.018177 
10.61 0.000528813 0.901052 0.0180668 
10.62 0.000522963 0.900231 0.0179591 
10.63 0.000517209 0.899405 0.0178538 
10.64 0.000511552 0.898574 0.0177509 
10.65 0.00050599 0.897739 0.0176504 
10.66 0.000500523 0.896899 0.0175522 
10.67 0.000495152 0.896055 0.0174565 
10.68 0.000489876 0.895207 0.017363 
10.69 0.000484695 0.894354 0.0172719 
10.7 0.000479609 0.893498 0.0171832 
10.71 0.000474617 0.892638 0.0170968 
10.72 0.000469719 0.891774 0.0170126 
10.73 0.000464915 0.890907 0.0169308 
10.74 0.000460205 0.890037 0.0168512 
10.75 0.000455588 0.889163 0.016774 
10.76 0.000451064 0.888286 0.0166989 
10.77 0.000446633 0.887406 0.0166262 
10.78 0.000442293 0.886523 0.0165556 
10.79 0.000438046 0.885638 0.0164873 
10.8 0.000433891 0.88475 0.0164212 
10.81 0.000429827 0.883859 0.0163573 
10.82 0.000425854 0.882966 0.0162955 
10.83 0.000421971 0.882071 0.0162359 
10.84 0.000418179 0.881173 0.0161785 
10.85 0.000414476 0.880274 0.0161232 
10.86 0.000410863 0.879373 0.0160701 
10.87 0.000407339 0.87847 0.016019 
10.88 0.000403904 0.877566 0.0159701 
10.89 0.000400557 0.87666 0.0159232 
10.9 0.000397297 0.875752 0.0158784 
10.91 0.000394125 0.874844 0.0158356 
10.92 0.00039104 0.873934 0.0157949 
10.93 0.000388041 0.873023 0.0157562 
10.94 0.000385128 0.872111 0.0157195 
10.95 0.0003823 0.871199 0.0156848 
10.96 0.000379558 0.870286 0.0156521 
10.97 0.0003769 0.869372 0.0156213 
10.98 0.000374327 0.868458 0.0155925 
10.99 0.000371837 0.867543 0.0155656 
11 0.00036943 0.866628 0.0155406 
11.01 0.000367105 0.865713 0.0155175 
11.02 0.000364863 0.864798 0.0154963 
11.03 0.000362703 0.863883 0.015477 
11.04 0.000360623 0.862969 0.0154595 
11.05 0.000358624 0.862054 0.0154438 
11.06 0.000356705 0.86114 0.01543 
11.07 0.000354866 0.860227 0.015418 
11.08 0.000353105 0.859314 0.0154077 
11.09 0.000351423 0.858401 0.0153992 
11.1 0.000349819 0.85749 0.0153925 
11.11 0.000348292 0.856579 0.0153875 
11.12 0.000346842 0.85567 0.0153843 
11.13 0.000345468 0.854761 0.0153827 
11.14 0.00034417 0.853854 0.0153828 
11.15 0.000342947 0.852948 0.0153846 
11.16 0.000341799 0.852043 0.015388 
11.17 0.000340724 0.85114 0.0153931 
11.18 0.000339723 0.850238 0.0153998 
11.19 0.000338795 0.849338 0.0154081 
11.2 0.000337939 0.84844 0.015418 
11.21 0.000337154 0.847544 0.0154294 
11.22 0.000336441 0.846649 0.0154424 
11.23 0.000335798 0.845757 0.015457 
11.24 0.000335225 0.844866 0.015473 
11.25 0.000334721 0.843978 0.0154906 
11.26 0.000334287 0.843092 0.0155097 
11.27 0.00033392 0.842208 0.0155302 
11.28 0.00033362 0.841327 0.0155522 
11.29 0.000333388 0.840448 0.0155756 
11.3 0.000333222 0.839572 0.0156004 
11.31 0.000333121 0.838699 0.0156266 
11.32 0.000333086 0.837828 0.0156542 
11.33 0.000333115 0.83696 0.0156832 
11.34 0.000333208 0.836095 0.0157136 
11.35 0.000333364 0.835233 0.0157452 
11.36 0.000333583 0.834374 0.0157782 
11.37 0.000333864 0.833518 0.0158125 
11.38 0.000334206 0.832665 0.0158481 
11.39 0.000334609 0.831815 0.0158849 
11.4 0.000335073 0.830969 0.015923 
11.41 0.000335595 0.830126 0.0159623 
11.42 0.000336177 0.829287 0.0160029 
11.43 0.000336817 0.828451 0.0160446 
11.44 0.000337515 0.827619 0.0160875 
11.45 0.00033827 0.82679 0.0161316 
11.46 0.000339082 0.825965 0.0161769 
11.47 0.000339949 0.825144 0.0162233 
11.48 0.000340872 0.824327 0.0162708 
11.49 0.000341849 0.823514 0.0163194 
11.5 0.00034288 0.822704 0.0163691 
11.51 0.000343965 0.821899 0.0164199 
11.52 0.000345102 0.821097 0.0164717 
11.53 0.000346291 0.8203 0.0165245 
11.54 0.000347532 0.819507 0.0165784 
11.55 0.000348824 0.818719 0.0166333 
11.56 0.000350167 0.817934 0.0166892 
11.57 0.000351559 0.817154 0.016746 
11.58 0.000353 0.816379 0.0168039 
11.59 0.000354489 0.815607 0.0168626 
11.6 0.000356026 0.814841 0.0169223 
11.61 0.000357611 0.814079 0.0169829 
11.62 0.000359242 0.813321 0.0170444 
11.63 0.000360919 0.812568 0.0171067 
11.64 0.000362642 0.81182 0.01717 
11.65 0.000364409 0.811077 0.017234 
11.66 0.000366221 0.810338 0.017299 
11.67 0.000368076 0.809605 0.0173647 
11.68 0.000369974 0.808876 0.0174312 
11.69 0.000371915 0.808152 0.0174985 
11.7 0.000373897 0.807433 0.0175666 
11.71 0.000375921 0.806719 0.0176355 
11.72 0.000377985 0.80601 0.0177051 
11.73 0.000380089 0.805307 0.0177754 
11.74 0.000382232 0.804608 0.0178465 
11.75 0.000384415 0.803915 0.0179182 
11.76 0.000386635 0.803227 0.0179906 
11.77 0.000388894 0.802544 0.0180637 
11.78 0.000391189 0.801866 0.0181374 
11.79 0.00039352 0.801194 0.0182118 
11.8 0.000395888 0.800527 0.0182868 
11.81 0.000398291 0.799865 0.0183625 
11.82 0.000400728 0.799209 0.0184387 
11.83 0.0004032 0.798558 0.0185155 
11.84 0.000405705 0.797913 0.0185929 
11.85 0.000408244 0.797273 0.0186708 
11.86 0.000410815 0.796639 0.0187493 
11.87 0.000413417 0.79601 0.0188283 
11.88 0.000416051 0.795387 0.0189078 
11.89 0.000418716 0.79477 0.0189878 
11.9 0.000421411 0.794158 0.0190683 
11.91 0.000424135 0.793552 0.0191492 
11.92 0.000426889 0.792952 0.0192307 
11.93 0.000429671 0.792357 0.0193126 
11.94 0.000432481 0.791768 0.0193949 
11.95 0.000435319 0.791185 0.0194776 
11.96 0.000438183 0.790607 0.0195607 
11.97 0.000441074 0.790036 0.0196443 
11.98 0.000443991 0.78947 0.0197282 
11.99 0.000446933 0.78891 0.0198125 
12 0.000449899 0.788356 0.0198971 
12.01 0.00045289 0.787808 0.0199821 
12.02 0.000455905 0.787266 0.0200675 
12.03 0.000458943 0.78673 0.0201531 
12.04 0.000462003 0.786199 0.020239 
12.05 0.000465086 0.785675 0.0203253 
12.06 0.00046819 0.785157 0.0204118 
12.07 0.000471315 0.784644 0.0204986 
12.08 0.000474461 0.784138 0.0205857 
12.09 0.000477627 0.783637 0.020673 
12.1 0.000480813 0.783143 0.0207605 
12.11 0.000484017 0.782655 0.0208483 
12.12 0.000487241 0.782172 0.0209363 
12.13 0.000490482 0.781696 0.0210244 
12.14 0.000493741 0.781226 0.0211128 
12.15 0.000497018 0.780762 0.0212014 
12.16 0.000500311 0.780304 0.0212901 
12.17 0.00050362 0.779852 0.0213789 
12.18 0.000506944 0.779406 0.021468 
12.19 0.000510284 0.778967 0.0215571 
12.2 0.000513639 0.778533 0.0216464 
12.21 0.000517008 0.778105 0.0217358 
12.22 0.000520391 0.777684 0.0218253 
12.23 0.000523787 0.777269 0.0219149 
12.24 0.000527197 0.77686 0.0220045 
12.25 0.000530618 0.776457 0.0220943 
12.26 0.000534052 0.77606 0.0221841 
12.27 0.000537497 0.775669 0.0222739 
12.28 0.000540953 0.775285 0.0223638 
12.29 0.00054442 0.774907 0.0224537 
12.3 0.000547898 0.774534 0.0225437 
12.31 0.000551385 0.774168 0.0226336 
12.32 0.000554881 0.773808 0.0227236 
12.33 0.000558387 0.773455 0.0228136 
12.34 0.0005619 0.773107 0.0229035 
12.35 0.000565423 0.772765 0.0229934 
12.36 0.000568952 0.77243 0.0230833 
12.37 0.000572489 0.772101 0.0231731 
12.38 0.000576033 0.771778 0.0232629 
12.39 0.000579583 0.771461 0.0233526 
12.4 0.00058314 0.77115 0.0234423 
12.41 0.000586702 0.770845 0.0235318 
12.42 0.000590269 0.770547 0.0236213 
12.43 0.000593841 0.770254 0.0237107 
12.44 0.000597418 0.769968 0.0238 
12.45 0.000600999 0.769688 0.0238891 
12.46 0.000604583 0.769414 0.0239782 
12.47 0.000608171 0.769146 0.0240671 
12.48 0.000611762 0.768884 0.0241559 
12.49 0.000615355 0.768628 0.0242445 
12.5 0.000618951 0.768378 0.024333 
12.51 0.000622549 0.768134 0.0244213 
12.52 0.000626147 0.767897 0.0245094 
12.53 0.000629748 0.767665 0.0245974 
12.54 0.000633348 0.767439 0.0246852 
12.55 0.00063695 0.76722 0.0247727 
12.56 0.000640551 0.767006 0.0248601 
12.57 0.000644152 0.766798 0.0249473 
12.58 0.000647753 0.766597 0.0250343 
12.59 0.000651352 0.766401 0.025121 
12.6 0.00065495 0.766211 0.0252075 
12.61 0.000658547 0.766027 0.0252938 
12.62 0.000662142 0.76585 0.0253798 
12.63 0.000665734 0.765678 0.0254656 
12.64 0.000669324 0.765512 0.0255511 
12.65 0.000672911 0.765352 0.0256364 
12.66 0.000676495 0.765197 0.0257214 
12.67 0.000680075 0.765049 0.0258061 
12.68 0.000683651 0.764906 0.0258905 
12.69 0.000687223 0.76477 0.0259747 
12.7 0.000690791 0.764639 0.0260585 
12.71 0.000694354 0.764514 0.0261421 
12.72 0.000697912 0.764395 0.0262253 
12.73 0.000701465 0.764281 0.0263083 
12.74 0.000705012 0.764173 0.0263909 
12.75 0.000708553 0.764071 0.0264732 
12.76 0.000712088 0.763975 0.0265551 
12.77 0.000715616 0.763884 0.0266368 
12.78 0.000719138 0.763799 0.026718 
12.79 0.000722652 0.76372 0.026799 
12.8 0.00072616 0.763647 0.0268796 
12.81 0.000729659 0.763579 0.0269598 
12.82 0.000733151 0.763516 0.0270397 
12.83 0.000736635 0.76346 0.0271192 
12.84 0.000740111 0.763408 0.0271983 
12.85 0.000743578 0.763363 0.027277 
12.86 0.000747036 0.763323 0.0273554 
12.87 0.000750485 0.763288 0.0274334 
12.88 0.000753925 0.763259 0.027511 
12.89 0.000757355 0.763235 0.0275882 
12.9 0.000760775 0.763217 0.027665 
12.91 0.000764185 0.763204 0.0277414 
12.92 0.000767585 0.763197 0.0278173 
12.93 0.000770975 0.763195 0.0278929 
12.94 0.000774354 0.763198 0.027968 
12.95 0.000777721 0.763207 0.0280428 
12.96 0.000781078 0.763221 0.0281171 
12.97 0.000784423 0.76324 0.0281909 
12.98 0.000787757 0.763265 0.0282643 
12.99 0.000791079 0.763295 0.0283373 
13 0.000794388 0.76333 0.0284099 
13.01 0.000797686 0.76337 0.028482 
13.02 0.000800971 0.763416 0.0285536 
13.03 0.000804244 0.763466 0.0286248 
13.04 0.000807503 0.763522 0.0286956 
13.05 0.00081075 0.763583 0.0287658 
13.06 0.000813983 0.763649 0.0288356 
13.07 0.000817203 0.76372 0.028905 
13.08 0.00082041 0.763796 0.0289739 
13.09 0.000823602 0.763877 0.0290423 
13.1 0.000826781 0.763964 0.0291102 
13.11 0.000829945 0.764055 0.0291776 
13.12 0.000833096 0.764151 0.0292446 
13.13 0.000836231 0.764252 0.0293111 
13.14 0.000839353 0.764357 0.029377 
13.15 0.000842459 0.764468 0.0294425 
13.16 0.00084555 0.764584 0.0295075 
13.17 0.000848626 0.764704 0.029572 
13.18 0.000851687 0.764829 0.029636 
13.19 0.000854733 0.764959 0.0296995 
13.2 0.000857763 0.765094 0.0297625 
13.21 0.000860777 0.765233 0.029825 
13.22 0.000863775 0.765377 0.029887 
13.23 0.000866757 0.765526 0.0299484 
13.24 0.000869723 0.765679 0.0300094 
13.25 0.000872673 0.765837 0.0300698 
13.26 0.000875606 0.765999 0.0301297 
13.27 0.000878523 0.766166 0.0301891 
13.28 0.000881423 0.766338 0.030248 
13.29 0.000884306 0.766514 0.0303063 
13.3 0.000887172 0.766695 0.0303641 
13.31 0.000890021 0.76688 0.0304214 
13.32 0.000892852 0.767069 0.0304781 
13.33 0.000895667 0.767263 0.0305343 
13.34 0.000898463 0.767461 0.03059 
13.35 0.000901243 0.767664 0.0306452 
13.36 0.000904004 0.767871 0.0306998 
13.37 0.000906748 0.768082 0.0307539 
13.38 0.000909474 0.768297 0.0308074 
13.39 0.000912182 0.768517 0.0308604 
13.4 0.000914871 0.768741 0.0309128 
13.41 0.000917543 0.768969 0.0309647 
13.42 0.000920196 0.769201 0.0310161 
13.43 0.00092283 0.769437 0.0310669 
13.44 0.000925446 0.769677 0.0311171 
13.45 0.000928044 0.769922 0.0311668 
13.46 0.000930623 0.77017 0.031216 
13.47 0.000933183 0.770423 0.0312646 
13.48 0.000935724 0.770679 0.0313127 
13.49 0.000938246 0.77094 0.0313602 
13.5 0.000940749 0.771204 0.0314071 
13.51 0.000943233 0.771472 0.0314535 
13.52 0.000945698 0.771744 0.0314993 
13.53 0.000948143 0.77202 0.0315446 
13.54 0.000950569 0.7723 0.0315893 
13.55 0.000952976 0.772584 0.0316335 
13.56 0.000955363 0.772871 0.0316771 
13.57 0.000957731 0.773162 0.0317201 
13.58 0.000960079 0.773457 0.0317626 
13.59 0.000962407 0.773755 0.0318045 
13.6 0.000964716 0.774057 0.0318459 
13.61 0.000967004 0.774363 0.0318867 
13.62 0.000969273 0.774672 0.0319269 
13.63 0.000971522 0.774985 0.0319666 
13.64 0.000973751 0.775301 0.0320057 
13.65 0.00097596 0.775621 0.0320443 
13.66 0.000978149 0.775944 0.0320823 
13.67 0.000980317 0.776271 0.0321197 
13.68 0.000982466 0.776601 0.0321565 
13.69 0.000984594 0.776935 0.0321928 
13.7 0.000986702 0.777272 0.0322286 
13.71 0.00098879 0.777612 0.0322638 
13.72 0.000990857 0.777955 0.0322984 
13.73 0.000992904 0.778302 0.0323324 
13.74 0.00099493 0.778652 0.0323659 
13.75 0.000996936 0.779006 0.0323988 
13.76 0.000998922 0.779362 0.0324312 
13.77 0.00100089 0.779722 0.032463 
13.78 0.00100283 0.780085 0.0324942 
13.79 0.00100475 0.780451 0.0325249 
13.8 0.00100666 0.78082 0.032555 
13.81 0.00100854 0.781192 0.0325846 
13.82 0.0010104 0.781567 0.0326136 
13.83 0.00101224 0.781945 0.032642 
13.84 0.00101406 0.782326 0.0326699 
13.85 0.00101586 0.78271 0.0326972 
13.86 0.00101764 0.783097 0.032724 
13.87 0.0010194 0.783487 0.0327502 
13.88 0.00102114 0.783879 0.0327758 
13.89 0.00102286 0.784275 0.0328009 
13.9 0.00102455 0.784673 0.0328254 
13.91 0.00102623 0.785074 0.0328494 
13.92 0.00102788 0.785478 0.0328728 
13.93 0.00102952 0.785885 0.0328957 
13.94 0.00103113 0.786294 0.032918 
13.95 0.00103272 0.786706 0.0329398 
13.96 0.00103429 0.78712 0.032961 
13.97 0.00103584 0.787538 0.0329816 
13.98 0.00103737 0.787957 0.0330017 
13.99 0.00103888 0.78838 0.0330213 
14 0.00104037 0.788804 0.0330403 

