0.01 0.291278 0.35091 0.208814 
0.02 0.0361089 0.138172 0.737296 
0.03 0.133362 0.449084 0.229492 
0.04 0.382425 0.0894419 0.206901 
0.05 0.27917 0.442355 0.0440777 
0.06 0.261395 0.0625995 0.396267 
0.07 0.24927 0.202237 0.208091 
0.08 0.151961 0.104685 0.584944 
0.09 0.0839605 0.146528 0.46715 
0.1 0.137544 0.0231538 0.731317 
0.11 0.163427 0.520757 0.131416 
0.12 0.0253337 0.304335 0.567569 
0.13 0.168941 0.468442 0.291837 
0.14 0.0344579 0.120791 0.635223 
0.15 0.0626442 0.762108 0.0329841 
0.16 0.140736 0.301613 0.477201 
0.17 0.0187835 0.0591729 0.777046 
0.18 0.0273597 0.648955 0.201377 
0.19 0.0550526 0.855499 7.58408e-05 
0.2 0.0890602 0.45284 0.284104 
0.21 0.0733655 0.0270189 0.634178 
0.22 0.0307333 0.0320134 0.72749 
0.23 5.37695e-05 0.293929 0.401 
0.24 0.0169519 0.686023 0.166728 
0.25 0.0534847 0.884222 0.000123119 
0.26 0.0686562 0.829319 0.0830434 
0.27 0.0608352 0.597533 0.214987 
0.28 0.0483151 0.210901 0.444853 
0.29 0.0456891 0.0930195 0.581727 
0.3 0.0409371 0.0262887 0.794385 
0.31 0.0298337 0.0867375 0.812595 
0.32 0.0194614 0.208547 0.733617 
0.33 0.00978297 0.307235 0.562653 
0.34 0.00133897 0.447341 0.307383 
0.35 0.00278274 0.700224 0.196549 
0.36 0.00573971 0.614479 0.0902598 
0.37 0.0207668 0.832744 0.014803 
0.38 0.0287758 0.66621 0.00544895 
0.39 0.039792 0.728516 0.0196845 
0.4 0.057242 0.767068 0.105299 
0.41 0.0665527 0.633725 0.233341 
0.42 0.067976 0.482783 0.336048 
0.43 0.0663363 0.368895 0.416288 
0.44 0.0636086 0.277855 0.492538 
0.45 0.0603725 0.200581 0.571997 
0.46 0.0570991 0.141812 0.653423 
0.47 0.0536695 0.106041 0.722734 
0.48 0.0484683 0.081168 0.744856 
0.49 0.0395895 0.0439692 0.691305 
0.5 0.0292932 0.00672345 0.619102 
0.51 0.0245256 0.021311 0.655469 
0.52 0.0253362 0.0582283 0.748522 
0.53 0.0209693 0.0482959 0.663834 
0.54 0.0134082 0.108916 0.550101 
0.55 0.014498 0.199605 0.645474 
0.56 0.0126199 0.169298 0.559669 
0.57 0.00752947 0.31005 0.467377 
0.58 0.00995691 0.331899 0.54168 
0.59 0.00543616 0.373929 0.373089 
0.6 0.00627289 0.500614 0.442391 
0.61 0.00422779 0.452764 0.313427 
0.62 0.00377525 0.63044 0.341584 
0.63 0.0027065 0.542556 0.243938 
0.64 0.00236451 0.721127 0.263511 
0.65 0.00115846 0.637631 0.167132 
0.66 0.0015605 0.760628 0.201907 
0.67 0.000170277 0.752705 0.101256 
0.68 0.000803487 0.737394 0.139644 
0.69 0.000336921 0.874276 0.0665989 
0.7 7.22639e-05 0.711889 0.0680231 
0.71 0.00101403 0.896254 0.0563241 
0.72 0.000913851 0.806706 0.0160995 
0.73 0.000845906 0.76841 0.031865 
0.74 0.00311745 0.922474 0.0086029 
0.75 0.0025794 0.755398 0.00294957 
0.76 0.00307161 0.787855 0.00509956 
0.77 0.00662736 0.897262 0.00218704 
0.78 0.00592639 0.727069 0.00924361 
0.79 0.00618898 0.741807 0.00219356 
0.8 0.0110614 0.85881 0.016567 
0.81 0.0115242 0.720393 0.0396719 
0.82 0.0101291 0.653841 0.0258763 
0.83 0.0149893 0.77968 0.035551 
0.84 0.0189761 0.741662 0.0839828 
0.85 0.0168037 0.593009 0.0870434 
0.86 0.017698 0.629716 0.0659196 
0.87 0.0244134 0.718784 0.107639 
0.88 0.0271157 0.629536 0.165204 
0.89 0.0242586 0.511943 0.153569 
0.9 0.0255779 0.556083 0.130081 
0.91 0.0327711 0.630272 0.180995 
0.92 0.0365366 0.562259 0.252267 
0.93 0.0337876 0.445431 0.250507 
0.94 0.0327428 0.445438 0.211698 
0.95 0.038607 0.521398 0.236556 
0.96 0.0453268 0.518853 0.321046 
0.97 0.0456211 0.419157 0.365993 
0.98 0.0419391 0.347341 0.333293 
0.99 0.0422999 0.375696 0.299648 
1 0.0487718 0.433329 0.341502 
1.01 0.0551139 0.419917 0.429907 
1.02 0.0554354 0.336908 0.474751 
1.03 0.0515056 0.270747 0.443406 
1.04 0.0500346 0.278351 0.397201 
1.05 0.0544969 0.326698 0.412371 
1.06 0.0614998 0.342643 0.491673 
1.07 0.0650159 0.296717 0.566532 
1.08 0.0628976 0.226787 0.57543 
1.09 0.0587138 0.190222 0.526766 
1.1 0.0577778 0.205851 0.485117 
1.11 0.0619888 0.242397 0.504706 
1.12 0.0684035 0.254268 0.5798 
1.13 0.0722606 0.223337 0.654719 
1.14 0.0712017 0.169894 0.676337 
1.15 0.0669981 0.130146 0.638538 
1.16 0.063762 0.125249 0.583247 
1.17 0.0645583 0.14757 0.563342 
1.18 0.0692114 0.170882 0.601431 
1.19 0.074734 0.172028 0.675785 
1.2 0.0776838 0.146429 0.739727 
1.21 0.0765444 0.108134 0.756124 
1.22 0.0725438 0.0776834 0.721459 
1.23 0.0686143 0.0681362 0.665156 
1.24 0.0674201 0.0783521 0.628128 
1.25 0.069787 0.0960214 0.636777 
1.26 0.0743963 0.106574 0.688658 
1.27 0.078733 0.101636 0.756468 
1.28 0.0805751 0.0824652 0.805501 
1.29 0.0791472 0.0576261 0.813088 
1.3 0.0753835 0.0373756 0.779425 
1.31 0.0712999 0.0283288 0.72542 
1.32 0.0689124 0.0309616 0.680494 
1.33 0.0692871 0.0405074 0.667684 
1.34 0.072142 0.0500607 0.693465 
1.35 0.0761001 0.0539783 0.746317 
1.36 0.0793895 0.0500143 0.803418 
1.37 0.0806263 0.039568 0.841442 
1.38 0.0793448 0.026393 0.846324 
1.39 0.0760971 0.0146606 0.818125 
1.4 0.0721446 0.00730831 0.769751 
1.41 0.068918 0.0052406 0.720867 
1.42 0.0674782 0.00746833 0.689973 
1.43 0.0681736 0.0118907 0.687803 
1.44 0.0705857 0.0162632 0.714238 
1.45 0.0737419 0.0189539 0.759306 
1.46 0.0764862 0.0192828 0.807397 
1.47 0.077866 0.0174474 0.842839 
1.48 0.0774108 0.0141868 0.854879 
1.49 0.0752306 0.0103849 0.840568 
1.5 0.071931 0.0067711 0.804973 
1.51 0.0683936 0.00379316 0.75899 
1.52 0.0655043 0.00164661 0.71573 
1.53 0.0639102 0.000389435 0.686678 
1.54 0.0638695 5.709e-05 0.678721 
1.55 0.065219 0.000716969 0.692726 
1.56 0.0674537 0.0024439 0.723833 
1.57 0.0698822 0.00523901 0.763173 
1.58 0.0718105 0.00893892 0.80039 
1.59 0.0727053 0.0131643 0.826245 
1.6 0.0723027 0.0173399 0.834683 
1.61 0.0706434 0.0207907 0.823943 
1.62 0.0680374 0.0228914 0.796593 
1.63 0.0649744 0.0232283 0.758605 
1.64 0.062006 0.0217266 0.717807 
1.65 0.0596284 0.0187085 0.682109 
1.66 0.0581884 0.0148615 0.657898 
1.67 0.0578293 0.0111218 0.648905 
1.68 0.0584812 0.00849914 0.655704 
1.69 0.0598921 0.00787876 0.675866 
1.7 0.0616895 0.00984372 0.704651 
1.71 0.0634561 0.0145534 0.736053 
1.72 0.0648064 0.0217011 0.763957 
1.73 0.0654485 0.0305578 0.783202 
1.74 0.0652252 0.0400914 0.790367 
1.75 0.0641277 0.0491376 0.784199 
1.76 0.0622849 0.0565915 0.76564 
1.77 0.059932 0.0615857 0.737499 
1.78 0.0573664 0.0636265 0.70388 
1.79 0.0548983 0.0626682 0.669459 
1.8 0.052805 0.0591161 0.638752 
1.81 0.0512945 0.0537626 0.615479 
1.82 0.0504821 0.0476682 0.602103 
1.83 0.0503826 0.0420082 0.599588 
1.84 0.0509162 0.0379096 0.607389 
1.85 0.0519267 0.0363002 0.623635 
1.86 0.0532074 0.0377908 0.645481 
1.87 0.0545309 0.0426036 0.669536 
1.88 0.0556785 0.0505527 0.692327 
1.89 0.0564657 0.0610773 0.710731 
1.9 0.056761 0.0733185 0.722315 
1.91 0.0564969 0.0862283 0.725568 
1.92 0.0556723 0.0986952 0.720005 
1.93 0.0543476 0.109672 0.706146 
1.94 0.0526336 0.118288 0.685381 
1.95 0.0506754 0.123938 0.659759 
1.96 0.0486353 0.12634 0.631722 
1.97 0.0466748 0.125549 0.603826 
1.98 0.0449383 0.121943 0.578472 
1.99 0.0435409 0.116175 0.557684 
2 0.0425591 0.109097 0.542936 
2.01 0.042027 0.101673 0.535054 
2.02 0.041936 0.0948827 0.534184 
2.03 0.0422389 0.0896331 0.539829 
2.04 0.0428571 0.086678 0.550942 
2.05 0.0436894 0.0865574 0.566053 
2.06 0.0446228 0.0895584 0.583428 
2.07 0.0455424 0.0957011 0.601237 
2.08 0.046341 0.104747 0.617711 
2.09 0.0469275 0.116227 0.631282 
2.1 0.0472325 0.129491 0.640696 
2.11 0.0472123 0.143765 0.64509 
2.12 0.0468503 0.158213 0.644027 
2.13 0.0461564 0.172006 0.637506 
2.14 0.0451642 0.184385 0.625929 
2.15 0.0439272 0.194706 0.610042 
2.16 0.042513 0.20249 0.590862 
2.17 0.0409984 0.207444 0.569584 
2.18 0.0394628 0.209475 0.547487 
2.19 0.0379832 0.20869 0.525842 
2.2 0.036629 0.205378 0.505828 
2.21 0.0354581 0.199983 0.48846 
2.22 0.0345142 0.193071 0.474535 
2.23 0.033825 0.185289 0.464595 
2.24 0.0334013 0.177321 0.458914 
2.25 0.033238 0.169842 0.457495 
2.26 0.0333151 0.163483 0.460089 
2.27 0.0336001 0.158793 0.466227 
2.28 0.0340507 0.156212 0.47526 
2.29 0.0346176 0.156047 0.486411 
2.3 0.035248 0.158467 0.498822 
2.31 0.0358887 0.163495 0.511611 
2.32 0.0364885 0.171012 0.523917 
2.33 0.0370014 0.180776 0.53495 
2.34 0.0373881 0.192432 0.544022 
2.35 0.037618 0.205539 0.550579 
2.36 0.0376698 0.219597 0.554221 
2.37 0.037532 0.23407 0.554711 
2.38 0.037203 0.248418 0.551975 
2.39 0.0366902 0.262121 0.546099 
2.4 0.0360095 0.274701 0.537311 
2.41 0.0351836 0.285746 0.525964 
2.42 0.0342407 0.294923 0.512512 
2.43 0.0332131 0.301989 0.497482 
2.44 0.0321352 0.306801 0.481446 
2.45 0.0310418 0.309314 0.464996 
2.46 0.0299672 0.309582 0.448713 
2.47 0.028943 0.30775 0.433146 
2.48 0.0279977 0.304043 0.418793 
2.49 0.0271551 0.298754 0.406077 
2.5 0.0264342 0.292233 0.395341 
2.51 0.0258484 0.284864 0.386834 
2.52 0.0254054 0.277054 0.380709 
2.53 0.0251073 0.269214 0.377024 
2.54 0.024951 0.261747 0.375742 
2.55 0.0249283 0.255026 0.37674 
2.56 0.0250269 0.249391 0.379821 
2.57 0.0252307 0.24513 0.384721 
2.58 0.025521 0.242478 0.391124 
2.59 0.0258769 0.241604 0.398679 
2.6 0.0262765 0.242616 0.407009 
2.61 0.0266974 0.245553 0.415729 
2.62 0.0271179 0.25039 0.42446 
2.63 0.0275169 0.257042 0.432837 
2.64 0.0278756 0.265368 0.440524 
2.65 0.0281769 0.275177 0.447223 
2.66 0.0284065 0.286239 0.452678 
2.67 0.0285531 0.298291 0.456684 
2.68 0.0286083 0.311046 0.459089 
2.69 0.0285669 0.324207 0.459793 
2.7 0.0284268 0.337471 0.458756 
2.71 0.0281888 0.35054 0.455985 
2.72 0.0278566 0.36313 0.451541 
2.73 0.0274363 0.374977 0.445527 
2.74 0.0269364 0.385846 0.438088 
2.75 0.0263671 0.395533 0.429399 
2.76 0.0257399 0.403871 0.419666 
2.77 0.0250677 0.410733 0.409112 
2.78 0.0243638 0.416032 0.397974 
2.79 0.023642 0.419724 0.386494 
2.8 0.0229158 0.421807 0.374913 
2.81 0.0221984 0.422317 0.363466 
2.82 0.0215022 0.421327 0.352375 
2.83 0.0208387 0.418944 0.341846 
2.84 0.0202182 0.415306 0.332063 
2.85 0.0196494 0.410575 0.323183 
2.86 0.0191397 0.404932 0.31534 
2.87 0.0186948 0.398577 0.308635 
2.88 0.0183188 0.391717 0.303144 
2.89 0.018014 0.384566 0.298909 
2.9 0.0177813 0.377336 0.295946 
2.91 0.0176198 0.370238 0.294241 
2.92 0.0175273 0.363472 0.293753 
2.93 0.0175004 0.357224 0.294421 
2.94 0.0175343 0.351667 0.296158 
2.95 0.0176232 0.346953 0.298862 
2.96 0.0177606 0.343213 0.302413 
2.97 0.0179393 0.340555 0.306681 
2.98 0.0181516 0.339062 0.311525 
2.99 0.0183894 0.338793 0.3168 
3 0.0186445 0.339782 0.322358 
3.01 0.0189089 0.342036 0.328051 
3.02 0.0191746 0.34554 0.333736 
3.03 0.019434 0.350257 0.339274 
3.04 0.0196799 0.356126 0.344535 
3.05 0.0199058 0.36307 0.349399 
3.06 0.0201055 0.370992 0.353758 
3.07 0.0202739 0.379783 0.357517 
3.08 0.0204066 0.389319 0.360596 
3.09 0.0204998 0.39947 0.36293 
3.1 0.0205506 0.410095 0.364467 
3.11 0.0205573 0.421052 0.365173 
3.12 0.0205184 0.432195 0.365029 
3.13 0.0204338 0.443379 0.36403 
3.14 0.0203037 0.454464 0.362185 
3.15 0.0201294 0.465312 0.359518 
3.16 0.0199126 0.475795 0.356063 
3.17 0.0196558 0.48579 0.351867 
3.18 0.0193618 0.495189 0.346987 
3.19 0.0190342 0.503892 0.341487 
3.2 0.0186767 0.511814 0.335439 
3.21 0.0182934 0.518881 0.328921 
3.22 0.0178887 0.525036 0.322015 
3.23 0.0174671 0.530233 0.314806 
3.24 0.0170331 0.534443 0.30738 
3.25 0.0165915 0.537651 0.299823 
3.26 0.0161468 0.539854 0.292222 
3.27 0.0157035 0.541064 0.284659 
3.28 0.0152657 0.541306 0.277214 
3.29 0.0148377 0.540617 0.269963 
3.3 0.0144232 0.539044 0.262977 
3.31 0.0140257 0.536645 0.256319 
3.32 0.0136484 0.533486 0.250049 
3.33 0.0132942 0.529641 0.244218 
3.34 0.0129653 0.525192 0.238871 
3.35 0.012664 0.520223 0.234044 
3.36 0.0123918 0.514826 0.229767 
3.37 0.01215 0.509092 0.22606 
3.38 0.0119394 0.503115 0.22294 
3.39 0.0117606 0.496991 0.220412 
3.4 0.0116135 0.490812 0.218475 
3.41 0.0114979 0.484671 0.217124 
3.42 0.0114131 0.478656 0.216345 
3.43 0.0113584 0.472853 0.216117 
3.44 0.0113324 0.467341 0.216417 
3.45 0.0113336 0.462197 0.217214 
3.46 0.0113603 0.457489 0.218474 
3.47 0.0114106 0.45328 0.22016 
3.48 0.0114824 0.449626 0.222229 
3.49 0.0115735 0.446575 0.224639 
3.5 0.0116814 0.444169 0.227343 
3.51 0.0118038 0.442441 0.230294 
3.52 0.0119381 0.441415 0.233443 
3.53 0.0120818 0.441111 0.236743 
3.54 0.0122324 0.441537 0.240145 
3.55 0.0123874 0.442697 0.243601 
3.56 0.0125443 0.444586 0.247064 
3.57 0.0127008 0.447193 0.250489 
3.58 0.0128546 0.450499 0.253834 
3.59 0.0130035 0.45448 0.257057 
3.6 0.0131456 0.459106 0.26012 
3.61 0.0132788 0.464341 0.262987 
3.62 0.0134014 0.470147 0.265625 
3.63 0.0135119 0.476477 0.268006 
3.64 0.0136088 0.483286 0.270103 
3.65 0.013691 0.490521 0.271894 
3.66 0.0137572 0.498129 0.27336 
3.67 0.0138067 0.506054 0.274485 
3.68 0.0138388 0.51424 0.275257 
3.69 0.0138528 0.522629 0.275668 
3.7 0.0138485 0.531163 0.275711 
3.71 0.0138257 0.539783 0.275387 
3.72 0.0137844 0.548432 0.274695 
3.73 0.0137246 0.557053 0.27364 
3.74 0.0136468 0.565592 0.27223 
3.75 0.0135513 0.573996 0.270474 
3.76 0.0134386 0.582214 0.268385 
3.77 0.0133096 0.590196 0.265977 
3.78 0.0131649 0.597899 0.263267 
3.79 0.0130055 0.60528 0.260274 
3.8 0.0128323 0.6123 0.257019 
3.81 0.0126464 0.618922 0.253523 
3.82 0.0124489 0.625116 0.249808 
3.83 0.0122411 0.630854 0.245899 
3.84 0.012024 0.63611 0.241821 
3.85 0.011799 0.640866 0.237598 
3.86 0.0115674 0.645104 0.233257 
3.87 0.0113304 0.648812 0.228822 
3.88 0.0110893 0.651981 0.22432 
3.89 0.0108454 0.654607 0.219776 
3.9 0.0105999 0.656688 0.215214 
3.91 0.0103541 0.658228 0.210659 
3.92 0.0101093 0.659231 0.206135 
3.93 0.0098664 0.659707 0.201664 
3.94 0.00962672 0.659668 0.197268 
3.95 0.00939127 0.659131 0.192967 
3.96 0.00916105 0.658112 0.188782 
3.97 0.00893703 0.656632 0.184731 
3.98 0.00872006 0.654716 0.180829 
3.99 0.00851098 0.652386 0.177094 
4 0.00831052 0.649672 0.173538 
4.01 0.00811936 0.6466 0.170175 
4.02 0.00793808 0.643202 0.167015 
4.03 0.00776722 0.639508 0.164067 
4.04 0.00760721 0.635552 0.161341 
4.05 0.00745844 0.631365 0.158842 
4.06 0.00732119 0.626981 0.156576 
4.07 0.00719569 0.622435 0.154545 
4.08 0.00708209 0.617761 0.152752 
4.09 0.00698048 0.612992 0.151198 
4.1 0.00689086 0.608162 0.149883 
4.11 0.0068132 0.603304 0.148803 
4.12 0.00674737 0.598451 0.147956 
4.13 0.00669321 0.593635 0.147338 
4.14 0.00665049 0.588886 0.146944 
4.15 0.00661892 0.584235 0.146766 
4.16 0.00659818 0.579709 0.146798 
4.17 0.0065879 0.575338 0.147031 
4.18 0.00658765 0.571145 0.147457 
4.19 0.00659699 0.567157 0.148064 
4.2 0.00661542 0.563394 0.148844 
4.21 0.00664243 0.55988 0.149785 
4.22 0.00667747 0.556633 0.150875 
4.23 0.00671997 0.55367 0.152103 
4.24 0.00676936 0.551009 0.153456 
4.25 0.00682503 0.548662 0.154923 
4.26 0.00688636 0.546643 0.156489 
4.27 0.00695275 0.544961 0.158143 
4.28 0.00702355 0.543626 0.159872 
4.29 0.00709816 0.542644 0.161662 
4.3 0.00717594 0.542021 0.163502 
4.31 0.00725627 0.541758 0.165378 
4.32 0.00733855 0.541859 0.167279 
4.33 0.00742217 0.542324 0.169191 
4.34 0.00750653 0.543149 0.171104 
4.35 0.00759108 0.544332 0.173005 
4.36 0.00767524 0.545869 0.174883 
4.37 0.00775849 0.547753 0.176729 
4.38 0.00784029 0.549976 0.17853 
4.39 0.00792016 0.55253 0.180279 
4.4 0.00799762 0.555404 0.181965 
4.41 0.00807223 0.558587 0.183579 
4.42 0.00814356 0.562068 0.185114 
4.43 0.00821122 0.565832 0.186561 
4.44 0.00827484 0.569865 0.187914 
4.45 0.00833408 0.574154 0.189167 
4.46 0.00838863 0.578681 0.190312 
4.47 0.0084382 0.58343 0.191346 
4.48 0.00848255 0.588386 0.192263 
4.49 0.00852145 0.59353 0.19306 
4.5 0.0085547 0.598845 0.193732 
4.51 0.00858213 0.604312 0.194278 
4.52 0.00860361 0.609914 0.194694 
4.53 0.00861902 0.615632 0.194979 
4.54 0.00862828 0.621448 0.195132 
4.55 0.00863133 0.627343 0.195152 
4.56 0.00862815 0.633298 0.195039 
4.57 0.00861871 0.639297 0.194793 
4.58 0.00860305 0.645319 0.194416 
4.59 0.0085812 0.651349 0.193909 
4.6 0.00855322 0.657368 0.193273 
4.61 0.0085192 0.663359 0.192511 
4.62 0.00847924 0.669305 0.191626 
4.63 0.00843347 0.675191 0.19062 
4.64 0.00838202 0.681 0.189497 
4.65 0.00832507 0.686718 0.18826 
4.66 0.00826277 0.692329 0.186914 
4.67 0.00819532 0.697821 0.185464 
4.68 0.00812292 0.703179 0.183912 
4.69 0.00804579 0.708391 0.182265 
4.7 0.00796414 0.713445 0.180528 
4.71 0.00787822 0.71833 0.178705 
4.72 0.00778827 0.723036 0.176802 
4.73 0.00769454 0.727553 0.174825 
4.74 0.00759729 0.731871 0.172779 
4.75 0.00749678 0.735984 0.170669 
4.76 0.00739328 0.739883 0.168502 
4.77 0.00728706 0.743561 0.166284 
4.78 0.00717839 0.747014 0.16402 
4.79 0.00706754 0.750235 0.161716 
4.8 0.0069548 0.753221 0.159378 
4.81 0.00684043 0.755969 0.157012 
4.82 0.00672472 0.758475 0.154624 
4.83 0.00660792 0.760737 0.152219 
4.84 0.00649031 0.762754 0.149803 
4.85 0.00637215 0.764525 0.147381 
4.86 0.00625369 0.766052 0.14496 
4.87 0.00613521 0.767333 0.142544 
4.88 0.00601694 0.768371 0.140138 
4.89 0.00589912 0.769168 0.137748 
4.9 0.00578199 0.769727 0.135378 
4.91 0.00566579 0.77005 0.133033 
4.92 0.00555072 0.770141 0.130718 
4.93 0.00543701 0.770006 0.128437 
4.94 0.00532486 0.769648 0.126195 
4.95 0.00521446 0.769073 0.123994 
4.96 0.005106 0.768287 0.121839 
4.97 0.00499966 0.767295 0.119734 
4.98 0.00489561 0.766105 0.117682 
4.99 0.00479399 0.764724 0.115686 
5 0.00469497 0.763158 0.113748 
5.01 0.00459868 0.761416 0.111873 
5.02 0.00450525 0.759506 0.110061 
5.03 0.0044148 0.757434 0.108316 
5.04 0.00432743 0.755211 0.10664 
5.05 0.00424324 0.752844 0.105034 
5.06 0.00416233 0.750342 0.1035 
5.07 0.00408476 0.747715 0.10204 
5.08 0.00401062 0.74497 0.100654 
5.09 0.00393996 0.742119 0.0993443 
5.1 0.00387283 0.739168 0.0981111 
5.11 0.00380927 0.736129 0.0969551 
5.12 0.00374931 0.73301 0.0958768 
5.13 0.00369298 0.72982 0.0948765 
5.14 0.00364028 0.726569 0.0939541 
5.15 0.00359123 0.723266 0.0931097 
5.16 0.00354582 0.71992 0.0923428 
5.17 0.00350404 0.716541 0.091653 
5.18 0.00346587 0.713137 0.0910398 
5.19 0.00343129 0.709716 0.0905024 
5.2 0.00340026 0.706289 0.0900398 
5.21 0.00337275 0.702864 0.089651 
5.22 0.0033487 0.699448 0.0893349 
5.23 0.00332807 0.696051 0.08909 
5.24 0.00331079 0.692679 0.0889149 
5.25 0.0032968 0.689342 0.0888082 
5.26 0.00328604 0.686047 0.0887681 
5.27 0.00327842 0.682801 0.0887928 
5.28 0.00327387 0.679611 0.0888806 
5.29 0.00327231 0.676485 0.0890295 
5.3 0.00327365 0.673428 0.0892374 
5.31 0.00327779 0.670448 0.0895022 
5.32 0.00328464 0.66755 0.0898218 
5.33 0.00329411 0.664741 0.090194 
5.34 0.00330609 0.662025 0.0906165 
5.35 0.00332048 0.659409 0.091087 
5.36 0.00333717 0.656897 0.091603 
5.37 0.00335606 0.654494 0.0921622 
5.38 0.00337704 0.652204 0.0927622 
5.39 0.0034 0.650031 0.0934005 
5.4 0.00342483 0.64798 0.0940747 
5.41 0.00345141 0.646053 0.0947822 
5.42 0.00347963 0.644255 0.0955205 
5.43 0.00350938 0.642587 0.0962872 
5.44 0.00354055 0.641053 0.0970799 
5.45 0.00357302 0.639655 0.0978959 
5.46 0.00360667 0.638395 0.0987328 
5.47 0.00364141 0.637275 0.0995883 
5.48 0.0036771 0.636296 0.10046 
5.49 0.00371365 0.63546 0.101345 
5.5 0.00375095 0.634767 0.102241 
5.51 0.00378888 0.634218 0.103147 
5.52 0.00382734 0.633813 0.104059 
5.53 0.00386623 0.633554 0.104975 
5.54 0.00390543 0.633438 0.105894 
5.55 0.00394486 0.633468 0.106813 
5.56 0.0039844 0.63364 0.107729 
5.57 0.00402397 0.633956 0.108642 
5.58 0.00406346 0.634414 0.109548 
5.59 0.00410279 0.635012 0.110446 
5.6 0.00414186 0.635749 0.111334 
5.61 0.00418058 0.636624 0.11221 
5.62 0.00421888 0.637635 0.113072 
5.63 0.00425667 0.638779 0.113919 
5.64 0.00429387 0.640054 0.114748 
5.65 0.0043304 0.641459 0.115559 
5.66 0.00436619 0.64299 0.11635 
5.67 0.00440117 0.644644 0.117119 
5.68 0.00443527 0.64642 0.117865 
5.69 0.00446843 0.648313 0.118587 
5.7 0.00450058 0.650321 0.119283 
5.71 0.00453167 0.652441 0.119952 
5.72 0.00456164 0.654668 0.120594 
5.73 0.00459044 0.657001 0.121206 
5.74 0.00461801 0.659434 0.121788 
5.75 0.00464432 0.661965 0.12234 
5.76 0.00466932 0.664589 0.122859 
5.77 0.00469297 0.667303 0.123346 
5.78 0.00471522 0.670103 0.1238 
5.79 0.00473606 0.672986 0.12422 
5.8 0.00475544 0.675946 0.124606 
5.81 0.00477335 0.67898 0.124956 
5.82 0.00478974 0.682083 0.125271 
5.83 0.00480461 0.685253 0.12555 
5.84 0.00481792 0.688484 0.125793 
5.85 0.00482967 0.691772 0.126 
5.86 0.00483984 0.695114 0.12617 
5.87 0.00484842 0.698504 0.126303 
5.88 0.0048554 0.70194 0.1264 
5.89 0.00486077 0.705416 0.126459 
5.9 0.00486453 0.708928 0.126481 
5.91 0.00486668 0.712473 0.126467 
5.92 0.00486721 0.716046 0.126416 
5.93 0.00486614 0.719643 0.126328 
5.94 0.00486346 0.723259 0.126204 
5.95 0.00485919 0.726892 0.126044 
5.96 0.00485334 0.730537 0.125848 
5.97 0.00484591 0.73419 0.125617 
5.98 0.00483692 0.737846 0.12535 
5.99 0.00482639 0.741503 0.125049 
6 0.00481433 0.745157 0.124714 
6.01 0.00480076 0.748803 0.124345 
6.02 0.0047857 0.752438 0.123943 
6.03 0.00476918 0.756059 0.123509 
6.04 0.00475122 0.759661 0.123042 
6.05 0.00473185 0.763243 0.122544 
6.06 0.00471108 0.766799 0.122016 
6.07 0.00468896 0.770327 0.121458 
6.08 0.0046655 0.773824 0.12087 
6.09 0.00464074 0.777286 0.120254 
6.1 0.00461472 0.780711 0.119611 
6.11 0.00458745 0.784096 0.11894 
6.12 0.00455898 0.787437 0.118243 
6.13 0.00452934 0.790732 0.117521 
6.14 0.00449857 0.793978 0.116774 
6.15 0.0044667 0.797173 0.116004 
6.16 0.00443377 0.800315 0.115211 
6.17 0.00439981 0.8034 0.114396 
6.18 0.00436487 0.806426 0.11356 
6.19 0.00432898 0.809392 0.112704 
6.2 0.00429217 0.812296 0.111829 
6.21 0.0042545 0.815134 0.110935 
6.22 0.00421599 0.817906 0.110024 
6.23 0.00417669 0.82061 0.109097 
6.24 0.00413664 0.823243 0.108153 
6.25 0.00409588 0.825805 0.107196 
6.26 0.00405444 0.828293 0.106224 
6.27 0.00401237 0.830707 0.10524 
6.28 0.0039697 0.833044 0.104243 
6.29 0.00392649 0.835305 0.103236 
6.3 0.00388276 0.837487 0.102219 
6.31 0.00383856 0.83959 0.101192 
6.32 0.00379392 0.841613 0.100158 
6.33 0.00374889 0.843554 0.0991153 
6.34 0.00370351 0.845414 0.0980667 
6.35 0.0036578 0.847191 0.0970124 
6.36 0.00361182 0.848886 0.0959533 
6.37 0.0035656 0.850496 0.0948904 
6.38 0.00351918 0.852023 0.0938244 
6.39 0.00347259 0.853466 0.0927561 
6.4 0.00342587 0.854824 0.0916865 
6.41 0.00337906 0.856097 0.0906163 
6.42 0.00333219 0.857286 0.0895464 
6.43 0.00328531 0.85839 0.0884774 
6.44 0.00323843 0.859409 0.0874102 
6.45 0.0031916 0.860345 0.0863456 
6.46 0.00314485 0.861196 0.0852842 
6.47 0.00309821 0.861963 0.0842268 
6.48 0.00305172 0.862647 0.0831741 
6.49 0.0030054 0.863248 0.0821268 
6.5 0.00295929 0.863766 0.0810856 
6.51 0.00291341 0.864203 0.0800511 
6.52 0.0028678 0.864558 0.079024 
6.53 0.00282249 0.864833 0.0780049 
6.54 0.00277749 0.865028 0.0769944 
6.55 0.00273285 0.865144 0.0759931 
6.56 0.00268857 0.865182 0.0750015 
6.57 0.0026447 0.865144 0.0740203 
6.58 0.00260125 0.865029 0.0730499 
6.59 0.00255825 0.864839 0.0720909 
6.6 0.00251572 0.864575 0.0711438 
6.61 0.00247369 0.864239 0.070209 
6.62 0.00243216 0.86383 0.069287 
6.63 0.00239118 0.863352 0.0683782 
6.64 0.00235074 0.862804 0.0674832 
6.65 0.00231088 0.862188 0.0666022 
6.66 0.00227162 0.861506 0.0657356 
6.67 0.00223296 0.860758 0.0648839 
6.68 0.00219493 0.859947 0.0640473 
6.69 0.00215753 0.859074 0.0632263 
6.7 0.0021208 0.858139 0.062421 
6.71 0.00208473 0.857145 0.0616319 
6.72 0.00204935 0.856094 0.0608592 
6.73 0.00201467 0.854986 0.0601031 
6.74 0.00198069 0.853823 0.0593638 
6.75 0.00194743 0.852607 0.0586417 
6.76 0.0019149 0.851339 0.057937 
6.77 0.00188311 0.850021 0.0572497 
6.78 0.00185206 0.848655 0.05658 
6.79 0.00182178 0.847242 0.0559283 
6.8 0.00179225 0.845783 0.0552945 
6.81 0.00176349 0.844282 0.0546787 
6.82 0.00173551 0.842738 0.0540812 
6.83 0.00170831 0.841154 0.053502 
6.84 0.0016819 0.839532 0.0529411 
6.85 0.00165627 0.837873 0.0523987 
6.86 0.00163144 0.836179 0.0518747 
6.87 0.0016074 0.834451 0.0513693 
6.88 0.00158415 0.832692 0.0508823 
6.89 0.00156171 0.830902 0.0504139 
6.9 0.00154006 0.829085 0.0499641 
6.91 0.00151921 0.82724 0.0495327 
6.92 0.00149916 0.82537 0.0491198 
6.93 0.0014799 0.823477 0.0487252 
6.94 0.00146145 0.821562 0.0483491 
6.95 0.00144378 0.819627 0.0479912 
6.96 0.00142691 0.817674 0.0476515 
6.97 0.00141082 0.815704 0.0473299 
6.98 0.00139552 0.813718 0.0470263 
6.99 0.00138099 0.811719 0.0467405 
7 0.00136724 0.809708 0.0464725 
7.01 0.00135426 0.807686 0.0462221 
7.02 0.00134205 0.805656 0.0459892 
7.03 0.00133059 0.803618 0.0457736 
7.04 0.00131989 0.801574 0.0455751 
7.05 0.00130993 0.799526 0.0453935 
7.06 0.0013007 0.797475 0.0452287 
7.07 0.00129221 0.795422 0.0450805 
7.08 0.00128444 0.79337 0.0449487 
7.09 0.00127739 0.791319 0.044833 
7.1 0.00127104 0.789271 0.0447333 
7.11 0.00126539 0.787228 0.0446494 
7.12 0.00126042 0.78519 0.0445809 
7.13 0.00125614 0.783159 0.0445278 
7.14 0.00125252 0.781136 0.0444896 
7.15 0.00124956 0.779123 0.0444662 
7.16 0.00124725 0.777121 0.0444574 
7.17 0.00124557 0.775131 0.0444629 
7.18 0.00124453 0.773154 0.0444824 
7.19 0.00124409 0.771192 0.0445156 
7.2 0.00124427 0.769245 0.0445623 
7.21 0.00124503 0.767316 0.0446222 
7.22 0.00124638 0.765404 0.044695 
7.23 0.0012483 0.763511 0.0447805 
7.24 0.00125078 0.761639 0.0448784 
7.25 0.0012538 0.759787 0.0449883 
7.26 0.00125736 0.757958 0.0451101 
7.27 0.00126144 0.756152 0.0452433 
7.28 0.00126603 0.75437 0.0453877 
7.29 0.00127111 0.752613 0.0455431 
7.3 0.00127668 0.750882 0.045709 
7.31 0.00128273 0.749178 0.0458853 
7.32 0.00128923 0.747502 0.0460715 
7.33 0.00129618 0.745854 0.0462675 
7.34 0.00130356 0.744235 0.0464729 
7.35 0.00131137 0.742646 0.0466874 
7.36 0.00131958 0.741088 0.0469107 
7.37 0.00132819 0.739562 0.0471425 
7.38 0.00133718 0.738068 0.0473825 
7.39 0.00134654 0.736606 0.0476304 
7.4 0.00135626 0.735179 0.0478859 
7.41 0.00136632 0.733785 0.0481487 
7.42 0.00137672 0.732426 0.0484185 
7.43 0.00138743 0.731102 0.048695 
7.44 0.00139845 0.729813 0.0489778 
7.45 0.00140976 0.728561 0.0492668 
7.46 0.00142135 0.727346 0.0495616 
7.47 0.00143321 0.726168 0.0498619 
7.48 0.00144533 0.725027 0.0501674 
7.49 0.00145768 0.723924 0.0504778 
7.5 0.00147027 0.72286 0.0507929 
7.51 0.00148308 0.721834 0.0511123 
7.52 0.00149609 0.720847 0.0514358 
7.53 0.0015093 0.7199 0.0517631 
7.54 0.00152269 0.718992 0.0520938 
7.55 0.00153624 0.718123 0.0524279 
7.56 0.00154996 0.717295 0.0527649 
7.57 0.00156383 0.716507 0.0531045 
7.58 0.00157782 0.715759 0.0534467 
7.59 0.00159195 0.715052 0.0537909 
7.6 0.00160618 0.714386 0.0541371 
7.61 0.00162052 0.71376 0.0544849 
7.62 0.00163494 0.713175 0.0548341 
7.63 0.00164945 0.712631 0.0551844 
7.64 0.00166402 0.712128 0.0555357 
7.65 0.00167865 0.711666 0.0558875 
7.66 0.00169333 0.711245 0.0562398 
7.67 0.00170804 0.710865 0.0565922 
7.68 0.00172278 0.710526 0.0569446 
7.69 0.00173754 0.710227 0.0572967 
7.7 0.00175231 0.70997 0.0576483 
7.71 0.00176707 0.709753 0.0579991 
7.72 0.00178183 0.709577 0.058349 
7.73 0.00179656 0.709441 0.0586977 
7.74 0.00181125 0.709346 0.059045 
7.75 0.00182591 0.709291 0.0593907 
7.76 0.00184053 0.709276 0.0597347 
7.77 0.00185508 0.7093 0.0600766 
7.78 0.00186957 0.709364 0.0604164 
7.79 0.00188398 0.709468 0.0607538 
7.8 0.00189832 0.70961 0.0610887 
7.81 0.00191256 0.709792 0.0614209 
7.82 0.0019267 0.710012 0.0617501 
7.83 0.00194074 0.71027 0.0620763 
7.84 0.00195467 0.710567 0.0623992 
7.85 0.00196847 0.710901 0.0627187 
7.86 0.00198215 0.711272 0.0630346 
7.87 0.0019957 0.71168 0.0633468 
7.88 0.0020091 0.712125 0.0636551 
7.89 0.00202236 0.712607 0.0639594 
7.9 0.00203546 0.713124 0.0642596 
7.91 0.00204841 0.713677 0.0645554 
7.92 0.00206118 0.714265 0.0648468 
7.93 0.00207379 0.714887 0.0651337 
7.94 0.00208622 0.715544 0.0654158 
7.95 0.00209846 0.716235 0.0656931 
7.96 0.00211052 0.71696 0.0659655 
7.97 0.00212238 0.717717 0.0662329 
7.98 0.00213405 0.718507 0.0664951 
7.99 0.00214551 0.71933 0.066752 
8 0.00215677 0.720184 0.0670036 
8.01 0.00216781 0.721069 0.0672497 
8.02 0.00217864 0.721984 0.0674903 
8.03 0.00218924 0.72293 0.0677252 
8.04 0.00219962 0.723906 0.0679544 
8.05 0.00220978 0.724911 0.0681777 
8.06 0.0022197 0.725945 0.0683952 
8.07 0.00222939 0.727007 0.0686067 
8.08 0.00223883 0.728096 0.0688122 
8.09 0.00224804 0.729213 0.0690116 
8.1 0.002257 0.730356 0.0692048 
8.11 0.00226572 0.731526 0.0693919 
8.12 0.00227418 0.732721 0.0695726 
8.13 0.00228239 0.733941 0.069747 
8.14 0.00229035 0.735186 0.069915 
8.15 0.00229805 0.736455 0.0700766 
8.16 0.00230549 0.737747 0.0702317 
8.17 0.00231267 0.739062 0.0703803 
8.18 0.00231959 0.740399 0.0705224 
8.19 0.00232624 0.741758 0.0706579 
8.2 0.00233262 0.743138 0.0707868 
8.21 0.00233874 0.744539 0.0709091 
8.22 0.00234459 0.74596 0.0710247 
8.23 0.00235017 0.747401 0.0711337 
8.24 0.00235548 0.74886 0.071236 
8.25 0.00236052 0.750338 0.0713316 
8.26 0.00236528 0.751834 0.0714204 
8.27 0.00236977 0.753347 0.0715026 
8.28 0.00237399 0.754877 0.071578 
8.29 0.00237794 0.756423 0.0716467 
8.3 0.00238161 0.757985 0.0717087 
8.31 0.00238501 0.759562 0.071764 
8.32 0.00238813 0.761153 0.0718125 
8.33 0.00239098 0.762758 0.0718544 
8.34 0.00239356 0.764377 0.0718896 
8.35 0.00239586 0.766008 0.071918 
8.36 0.00239789 0.767652 0.0719399 
8.37 0.00239965 0.769307 0.071955 
8.38 0.00240114 0.770974 0.0719636 
8.39 0.00240235 0.772651 0.0719655 
8.4 0.0024033 0.774339 0.0719609 
8.41 0.00240398 0.776036 0.0719497 
8.42 0.00240439 0.777742 0.071932 
8.43 0.00240453 0.779456 0.0719079 
8.44 0.0024044 0.781179 0.0718772 
8.45 0.00240402 0.782909 0.0718402 
8.46 0.00240336 0.784646 0.0717968 
8.47 0.00240245 0.786389 0.071747 
8.48 0.00240128 0.788139 0.0716909 
8.49 0.00239985 0.789893 0.0716286 
8.5 0.00239816 0.791653 0.0715601 
8.51 0.00239621 0.793417 0.0714854 
8.52 0.00239402 0.795184 0.0714046 
8.53 0.00239157 0.796956 0.0713177 
8.54 0.00238887 0.79873 0.0712248 
8.55 0.00238593 0.800506 0.0711259 
8.56 0.00238274 0.802284 0.0710211 
8.57 0.00237931 0.804064 0.0709105 
8.58 0.00237563 0.805845 0.0707941 
8.59 0.00237172 0.807626 0.0706719 
8.6 0.00236757 0.809407 0.070544 
8.61 0.00236319 0.811188 0.0704106 
8.62 0.00235858 0.812968 0.0702715 
8.63 0.00235374 0.814747 0.070127 
8.64 0.00234867 0.816523 0.069977 
8.65 0.00234337 0.818298 0.0698217 
8.66 0.00233786 0.82007 0.0696611 
8.67 0.00233213 0.821839 0.0694952 
8.68 0.00232618 0.823605 0.0693242 
8.69 0.00232002 0.825366 0.069148 
8.7 0.00231365 0.827123 0.0689668 
8.71 0.00230707 0.828876 0.0687807 
8.72 0.00230029 0.830623 0.0685897 
8.73 0.0022933 0.832365 0.0683939 
8.74 0.00228612 0.834102 0.0681933 
8.75 0.00227874 0.835831 0.067988 
8.76 0.00227116 0.837555 0.0677782 
8.77 0.0022634 0.839271 0.0675638 
8.78 0.00225545 0.84098 0.067345 
8.79 0.00224731 0.842681 0.0671218 
8.8 0.002239 0.844374 0.0668942 
8.81 0.00223051 0.846058 0.0666625 
8.82 0.00222184 0.847734 0.0664266 
8.83 0.002213 0.849401 0.0661867 
8.84 0.00220399 0.851058 0.0659427 
8.85 0.00219482 0.852706 0.0656948 
8.86 0.00218548 0.854344 0.0654431 
8.87 0.00217599 0.855971 0.0651877 
8.88 0.00216634 0.857587 0.0649285 
8.89 0.00215654 0.859193 0.0646657 
8.9 0.00214659 0.860787 0.0643994 
8.91 0.00213649 0.86237 0.0641297 
8.92 0.00212624 0.863941 0.0638566 
8.93 0.00211586 0.8655 0.0635802 
8.94 0.00210534 0.867047 0.0633005 
8.95 0.00209469 0.868581 0.0630177 
8.96 0.00208391 0.870102 0.0627319 
8.97 0.002073 0.87161 0.0624431 
8.98 0.00206197 0.873105 0.0621514 
8.99 0.00205082 0.874586 0.0618568 
9 0.00203954 0.876053 0.0615596 
9.01 0.00202816 0.877506 0.0612596 
9.02 0.00201666 0.878945 0.060957 
9.03 0.00200506 0.88037 0.060652 
9.04 0.00199335 0.88178 0.0603445 
9.05 0.00198154 0.883175 0.0600346 
9.06 0.00196963 0.884555 0.0597225 
9.07 0.00195762 0.885919 0.0594081 
9.08 0.00194553 0.887269 0.0590916 
9.09 0.00193334 0.888602 0.0587731 
9.1 0.00192107 0.88992 0.0584526 
9.11 0.00190872 0.891222 0.0581301 
9.12 0.00189628 0.892508 0.0578059 
9.13 0.00188377 0.893778 0.0574799 
9.14 0.00187119 0.895031 0.0571522 
9.15 0.00185853 0.896267 0.0568229 
9.16 0.00184581 0.897487 0.0564921 
9.17 0.00183302 0.89869 0.0561598 
9.18 0.00182018 0.899876 0.0558261 
9.19 0.00180727 0.901045 0.0554911 
9.2 0.00179431 0.902197 0.0551548 
9.21 0.00178129 0.903332 0.0548174 
9.22 0.00176822 0.904449 0.0544788 
9.23 0.00175511 0.905548 0.0541393 
9.24 0.00174196 0.90663 0.0537987 
9.25 0.00172876 0.907695 0.0534573 
9.26 0.00171552 0.908741 0.053115 
9.27 0.00170225 0.90977 0.052772 
9.28 0.00168894 0.91078 0.0524283 
9.29 0.00167561 0.911773 0.0520839 
9.3 0.00166225 0.912748 0.051739 
9.31 0.00164886 0.913704 0.0513936 
9.32 0.00163545 0.914642 0.0510477 
9.33 0.00162202 0.915562 0.0507015 
9.34 0.00160857 0.916464 0.0503549 
9.35 0.00159511 0.917347 0.0500081 
9.36 0.00158164 0.918212 0.0496612 
9.37 0.00156816 0.919059 0.0493141 
9.38 0.00155467 0.919887 0.0489669 
9.39 0.00154118 0.920697 0.0486198 
9.4 0.00152769 0.921488 0.0482727 
9.41 0.0015142 0.92226 0.0479257 
9.42 0.00150071 0.923014 0.0475789 
9.43 0.00148722 0.92375 0.0472323 
9.44 0.00147375 0.924467 0.046886 
9.45 0.00146028 0.925165 0.04654 
9.46 0.00144682 0.925845 0.0461945 
9.47 0.00143339 0.926506 0.0458494 
9.48 0.00141996 0.927149 0.0455048 
9.49 0.00140656 0.927774 0.0451607 
9.5 0.00139318 0.928379 0.0448173 
9.51 0.00137982 0.928967 0.0444745 
9.52 0.00136649 0.929536 0.0441325 
9.53 0.00135318 0.930086 0.0437912 
9.54 0.0013399 0.930618 0.0434507 
9.55 0.00132666 0.931132 0.0431111 
9.56 0.00131345 0.931627 0.0427724 
9.57 0.00130027 0.932105 0.0424346 
9.58 0.00128713 0.932563 0.0420978 
9.59 0.00127403 0.933004 0.0417621 
9.6 0.00126098 0.933427 0.0414275 
9.61 0.00124796 0.933831 0.041094 
9.62 0.00123499 0.934218 0.0407617 
9.63 0.00122207 0.934586 0.0404306 
9.64 0.00120919 0.934937 0.0401007 
9.65 0.00119637 0.93527 0.0397722 
9.66 0.0011836 0.935585 0.039445 
9.67 0.00117088 0.935883 0.0391192 
9.68 0.00115821 0.936162 0.0387949 
9.69 0.0011456 0.936425 0.0384719 
9.7 0.00113305 0.93667 0.0381505 
9.71 0.00112056 0.936897 0.0378306 
9.72 0.00110813 0.937107 0.0375123 
9.73 0.00109577 0.9373 0.0371956 
9.74 0.00108347 0.937476 0.0368806 
9.75 0.00107123 0.937635 0.0365672 
9.76 0.00105906 0.937777 0.0362555 
9.77 0.00104696 0.937902 0.0359456 
9.78 0.00103493 0.938011 0.0356374 
9.79 0.00102296 0.938102 0.035331 
9.8 0.00101107 0.938178 0.0350265 
9.81 0.000999259 0.938237 0.0347239 
9.82 0.000987518 0.938279 0.0344231 
9.83 0.000975852 0.938305 0.0341242 
9.84 0.000964264 0.938316 0.0338273 
9.85 0.000952753 0.93831 0.0335324 
9.86 0.000941322 0.938288 0.0332395 
9.87 0.000929971 0.938251 0.0329486 
9.88 0.000918701 0.938198 0.0326598 
9.89 0.000907513 0.93813 0.032373 
9.9 0.000896408 0.938046 0.0320883 
9.91 0.000885388 0.937947 0.0318058 
9.92 0.000874452 0.937832 0.0315254 
9.93 0.000863603 0.937703 0.0312472 
9.94 0.00085284 0.937559 0.0309711 
9.95 0.000842166 0.9374 0.0306973 
9.96 0.000831579 0.937226 0.0304257 
9.97 0.000821083 0.937038 0.0301563 
9.98 0.000810676 0.936836 0.0298892 
9.99 0.00080036 0.936619 0.0296244 
10 0.000790136 0.936388 0.0293619 
10.01 0.000780004 0.936144 0.0291017 
10.02 0.000769965 0.935885 0.0288439 
10.03 0.000760019 0.935613 0.0285884 
10.04 0.000750168 0.935327 0.0283352 
10.05 0.000740411 0.935028 0.0280844 
10.06 0.00073075 0.934715 0.0278361 
10.07 0.000721185 0.934389 0.0275901 
10.08 0.000711716 0.934051 0.0273465 
10.09 0.000702345 0.933699 0.0271054 
10.1 0.00069307 0.933335 0.0268667 
10.11 0.000683894 0.932958 0.0266305 
10.12 0.000674816 0.932569 0.0263967 
10.13 0.000665837 0.932167 0.0261654 
10.14 0.000656957 0.931754 0.0259366 
10.15 0.000648176 0.931328 0.0257103 
10.16 0.000639495 0.930891 0.0254864 
10.17 0.000630914 0.930441 0.0252651 
10.18 0.000622434 0.929981 0.0250463 
10.19 0.000614055 0.929509 0.02483 
10.2 0.000605776 0.929025 0.0246162 
10.21 0.000597599 0.928531 0.024405 
10.22 0.000589524 0.928025 0.0241963 
10.23 0.00058155 0.927509 0.0239901 
10.24 0.000573677 0.926982 0.0237865 
10.25 0.000565907 0.926445 0.0235854 
10.26 0.000558239 0.925897 0.0233869 
10.27 0.000550674 0.92534 0.023191 
10.28 0.000543211 0.924772 0.0229975 
10.29 0.00053585 0.924194 0.0228067 
10.3 0.000528592 0.923606 0.0226184 
10.31 0.000521436 0.923009 0.0224327 
10.32 0.000514383 0.922403 0.0222495 
10.33 0.000507433 0.921787 0.0220689 
10.34 0.000500585 0.921162 0.0218909 
10.35 0.00049384 0.920528 0.0217154 
10.36 0.000487198 0.919885 0.0215425 
10.37 0.000480658 0.919233 0.0213722 
10.38 0.00047422 0.918573 0.0212044 
10.39 0.000467885 0.917905 0.0210391 
10.4 0.000461653 0.917228 0.0208765 
10.41 0.000455522 0.916543 0.0207163 
10.42 0.000449494 0.91585 0.0205587 
10.43 0.000443567 0.91515 0.0204037 
10.44 0.000437742 0.914442 0.0202512 
10.45 0.000432019 0.913726 0.0201012 
10.46 0.000426397 0.913003 0.0199538 
10.47 0.000420877 0.912273 0.0198089 
10.48 0.000415457 0.911535 0.0196665 
10.49 0.000410138 0.910791 0.0195266 
10.5 0.00040492 0.91004 0.0193892 
10.51 0.000399801 0.909283 0.0192544 
10.52 0.000394783 0.908519 0.019122 
10.53 0.000389865 0.907748 0.0189921 
10.54 0.000385046 0.906972 0.0188647 
10.55 0.000380326 0.906189 0.0187398 
10.56 0.000375704 0.905401 0.0186173 
10.57 0.000371181 0.904607 0.0184973 
10.58 0.000366757 0.903807 0.0183797 
10.59 0.00036243 0.903002 0.0182646 
10.6 0.0003582 0.902191 0.0181519 
10.61 0.000354068 0.901376 0.0180417 
10.62 0.000350032 0.900555 0.0179338 
10.63 0.000346092 0.899729 0.0178284 
10.64 0.000342248 0.898899 0.0177253 
10.65 0.0003385 0.898064 0.0176247 
10.66 0.000334846 0.897225 0.0175264 
10.67 0.000331288 0.896381 0.0174304 
10.68 0.000327823 0.895533 0.0173368 
10.69 0.000324452 0.894681 0.0172456 
10.7 0.000321174 0.893825 0.0171567 
10.71 0.000317989 0.892965 0.0170701 
10.72 0.000314896 0.892102 0.0169858 
10.73 0.000311895 0.891235 0.0169038 
10.74 0.000308985 0.890365 0.0168241 
10.75 0.000306166 0.889491 0.0167466 
10.76 0.000303437 0.888614 0.0166714 
10.77 0.000300798 0.887735 0.0165985 
10.78 0.000298248 0.886852 0.0165278 
10.79 0.000295787 0.885967 0.0164593 
10.8 0.000293414 0.885079 0.016393 
10.81 0.000291129 0.884188 0.0163289 
10.82 0.000288931 0.883295 0.0162669 
10.83 0.000286819 0.8824 0.0162072 
10.84 0.000284793 0.881503 0.0161496 
10.85 0.000282853 0.880604 0.0160941 
10.86 0.000280997 0.879703 0.0160408 
10.87 0.000279226 0.8788 0.0159895 
10.88 0.000277538 0.877896 0.0159404 
10.89 0.000275933 0.87699 0.0158933 
10.9 0.00027441 0.876083 0.0158483 
10.91 0.00027297 0.875174 0.0158054 
10.92 0.000271611 0.874264 0.0157644 
10.93 0.000270332 0.873354 0.0157255 
10.94 0.000269133 0.872442 0.0156886 
10.95 0.000268014 0.871529 0.0156537 
10.96 0.000266973 0.870616 0.0156208 
10.97 0.000266011 0.869703 0.0155899 
10.98 0.000265126 0.868788 0.0155608 
10.99 0.000264318 0.867874 0.0155337 
11 0.000263586 0.866959 0.0155085 
11.01 0.00026293 0.866044 0.0154853 
11.02 0.000262348 0.865129 0.0154639 
11.03 0.000261841 0.864214 0.0154443 
11.04 0.000261408 0.863299 0.0154266 
11.05 0.000261047 0.862385 0.0154108 
11.06 0.000260759 0.86147 0.0153967 
11.07 0.000260542 0.860557 0.0153845 
11.08 0.000260397 0.859644 0.015374 
11.09 0.000260322 0.858731 0.0153653 
11.1 0.000260316 0.85782 0.0153584 
11.11 0.00026038 0.856909 0.0153532 
11.12 0.000260511 0.855999 0.0153497 
11.13 0.000260711 0.855091 0.0153479 
11.14 0.000260977 0.854183 0.0153479 
11.15 0.00026131 0.853277 0.0153494 
11.16 0.000261708 0.852372 0.0153527 
11.17 0.000262172 0.851469 0.0153575 
11.18 0.000262699 0.850567 0.015364 
11.19 0.00026329 0.849667 0.0153721 
11.2 0.000263945 0.848768 0.0153818 
11.21 0.000264661 0.847872 0.015393 
11.22 0.000265439 0.846977 0.0154058 
11.23 0.000266278 0.846084 0.0154202 
11.24 0.000267177 0.845194 0.015436 
11.25 0.000268135 0.844305 0.0154534 
11.26 0.000269152 0.843419 0.0154722 
11.27 0.000270228 0.842535 0.0154925 
11.28 0.000271361 0.841653 0.0155143 
11.29 0.00027255 0.840774 0.0155375 
11.3 0.000273796 0.839898 0.0155621 
11.31 0.000275097 0.839024 0.0155881 
11.32 0.000276453 0.838153 0.0156155 
11.33 0.000277863 0.837285 0.0156443 
11.34 0.000279327 0.836419 0.0156744 
11.35 0.000280843 0.835557 0.0157059 
11.36 0.000282411 0.834698 0.0157387 
11.37 0.00028403 0.833841 0.0157728 
11.38 0.0002857 0.832988 0.0158081 
11.39 0.00028742 0.832138 0.0158448 
11.4 0.000289189 0.831292 0.0158827 
11.41 0.000291007 0.830448 0.0159218 
11.42 0.000292873 0.829609 0.0159621 
11.43 0.000294786 0.828772 0.0160037 
11.44 0.000296746 0.82794 0.0160464 
11.45 0.000298752 0.827111 0.0160903 
11.46 0.000300803 0.826285 0.0161354 
11.47 0.000302898 0.825464 0.0161816 
11.48 0.000305038 0.824646 0.0162289 
11.49 0.000307221 0.823832 0.0162773 
11.5 0.000309446 0.823022 0.0163268 
11.51 0.000311714 0.822217 0.0163774 
11.52 0.000314023 0.821415 0.016429 
11.53 0.000316372 0.820617 0.0164816 
11.54 0.000318762 0.819824 0.0165353 
11.55 0.00032119 0.819035 0.01659 
11.56 0.000323658 0.81825 0.0166457 
11.57 0.000326163 0.817469 0.0167024 
11.58 0.000328707 0.816693 0.01676 
11.59 0.000331286 0.815921 0.0168186 
11.6 0.000333902 0.815154 0.0168781 
11.61 0.000336554 0.814392 0.0169385 
11.62 0.00033924 0.813634 0.0169998 
11.63 0.000341961 0.81288 0.017062 
11.64 0.000344715 0.812132 0.017125 
11.65 0.000347502 0.811388 0.0171889 
11.66 0.000350322 0.810649 0.0172537 
11.67 0.000353173 0.809915 0.0173192 
11.68 0.000356056 0.809185 0.0173856 
11.69 0.000358969 0.808461 0.0174527 
11.7 0.000361912 0.807741 0.0175206 
11.71 0.000364884 0.807027 0.0175893 
11.72 0.000367885 0.806317 0.0176587 
11.73 0.000370914 0.805613 0.0177289 
11.74 0.000373971 0.804914 0.0177998 
11.75 0.000377054 0.80422 0.0178713 
11.76 0.000380164 0.803531 0.0179436 
11.77 0.0003833 0.802848 0.0180165 
11.78 0.00038646 0.802169 0.0180901 
11.79 0.000389646 0.801496 0.0181643 
11.8 0.000392855 0.800829 0.0182392 
11.81 0.000396088 0.800167 0.0183146 
11.82 0.000399343 0.79951 0.0183907 
11.83 0.000402621 0.798858 0.0184673 
11.84 0.00040592 0.798213 0.0185446 
11.85 0.000409241 0.797572 0.0186223 
11.86 0.000412582 0.796937 0.0187006 
11.87 0.000415944 0.796308 0.0187795 
11.88 0.000419325 0.795684 0.0188589 
11.89 0.000422724 0.795066 0.0189387 
11.9 0.000426142 0.794454 0.0190191 
11.91 0.000429578 0.793847 0.0190999 
11.92 0.000433032 0.793246 0.0191812 
11.93 0.000436502 0.792651 0.0192629 
11.94 0.000439988 0.792061 0.0193451 
11.95 0.00044349 0.791477 0.0194277 
11.96 0.000447007 0.790899 0.0195107 
11.97 0.000450539 0.790327 0.0195941 
11.98 0.000454085 0.789761 0.0196779 
11.99 0.000457645 0.7892 0.019762 
12 0.000461218 0.788645 0.0198466 
12.01 0.000464804 0.788096 0.0199314 
12.02 0.000468402 0.787554 0.0200166 
12.03 0.000472011 0.787017 0.0201021 
12.04 0.000475632 0.786486 0.020188 
12.05 0.000479263 0.78596 0.0202741 
12.06 0.000482904 0.785441 0.0203605 
12.07 0.000486556 0.784928 0.0204472 
12.08 0.000490216 0.784421 0.0205341 
12.09 0.000493885 0.78392 0.0206213 
12.1 0.000497563 0.783425 0.0207087 
12.11 0.000501248 0.782936 0.0207964 
12.12 0.000504941 0.782453 0.0208842 
12.13 0.000508641 0.781976 0.0209723 
12.14 0.000512347 0.781505 0.0210606 
12.15 0.000516059 0.78104 0.021149 
12.16 0.000519777 0.780581 0.0212376 
12.17 0.0005235 0.780128 0.0213264 
12.18 0.000527227 0.779682 0.0214153 
12.19 0.000530959 0.779241 0.0215044 
12.2 0.000534695 0.778807 0.0215935 
12.21 0.000538434 0.778379 0.0216828 
12.22 0.000542176 0.777957 0.0217722 
12.23 0.000545921 0.777541 0.0218617 
12.24 0.000549667 0.777131 0.0219513 
12.25 0.000553416 0.776727 0.0220409 
12.26 0.000557166 0.776329 0.0221307 
12.27 0.000560917 0.775938 0.0222204 
12.28 0.000564668 0.775553 0.0223102 
12.29 0.00056842 0.775174 0.0224001 
12.3 0.000572171 0.774801 0.0224899 
12.31 0.000575922 0.774434 0.0225798 
12.32 0.000579671 0.774073 0.0226697 
12.33 0.00058342 0.773718 0.0227596 
12.34 0.000587166 0.77337 0.0228494 
12.35 0.00059091 0.773028 0.0229393 
12.36 0.000594652 0.772692 0.0230291 
12.37 0.000598391 0.772362 0.0231189 
12.38 0.000602127 0.772038 0.0232086 
12.39 0.000605859 0.77172 0.0232982 
12.4 0.000609588 0.771408 0.0233878 
12.41 0.000613312 0.771103 0.0234773 
12.42 0.000617031 0.770803 0.0235667 
12.43 0.000620745 0.77051 0.0236561 
12.44 0.000624454 0.770223 0.0237453 
12.45 0.000628158 0.769942 0.0238344 
12.46 0.000631856 0.769667 0.0239234 
12.47 0.000635547 0.769398 0.0240122 
12.48 0.000639231 0.769135 0.0241009 
12.49 0.000642909 0.768879 0.0241895 
12.5 0.00064658 0.768628 0.024278 
12.51 0.000650243 0.768383 0.0243662 
12.52 0.000653898 0.768145 0.0244543 
12.53 0.000657545 0.767912 0.0245422 
12.54 0.000661183 0.767686 0.02463 
12.55 0.000664813 0.767465 0.0247175 
12.56 0.000668434 0.767251 0.0248049 
12.57 0.000672045 0.767042 0.024892 
12.58 0.000675647 0.76684 0.0249789 
12.59 0.000679239 0.766643 0.0250656 
12.6 0.000682821 0.766453 0.0251521 
12.61 0.000686392 0.766268 0.0252384 
12.62 0.000689953 0.76609 0.0253244 
12.63 0.000693502 0.765917 0.0254101 
12.64 0.000697041 0.76575 0.0254956 
12.65 0.000700568 0.765589 0.0255809 
12.66 0.000704083 0.765434 0.0256658 
12.67 0.000707586 0.765285 0.0257505 
12.68 0.000711077 0.765141 0.0258349 
12.69 0.000714555 0.765004 0.0259191 
12.7 0.000718021 0.764872 0.0260029 
12.71 0.000721474 0.764746 0.0260865 
12.72 0.000724913 0.764626 0.0261697 
12.73 0.000728339 0.764512 0.0262526 
12.74 0.000731751 0.764403 0.0263352 
12.75 0.00073515 0.7643 0.0264175 
12.76 0.000738534 0.764203 0.0264995 
12.77 0.000741904 0.764112 0.0265811 
12.78 0.00074526 0.764026 0.0266624 
12.79 0.0007486 0.763946 0.0267433 
12.8 0.000751926 0.763872 0.0268239 
12.81 0.000755237 0.763803 0.0269041 
12.82 0.000758532 0.763739 0.026984 
12.83 0.000761812 0.763682 0.0270635 
12.84 0.000765075 0.76363 0.0271426 
12.85 0.000768323 0.763583 0.0272214 
12.86 0.000771555 0.763542 0.0272998 
12.87 0.000774771 0.763507 0.0273778 
12.88 0.000777969 0.763477 0.0274554 
12.89 0.000781152 0.763453 0.0275326 
12.9 0.000784317 0.763434 0.0276094 
12.91 0.000787465 0.76342 0.0276858 
12.92 0.000790596 0.763412 0.0277618 
12.93 0.00079371 0.763409 0.0278374 
12.94 0.000796806 0.763411 0.0279125 
12.95 0.000799885 0.763419 0.0279873 
12.96 0.000802945 0.763433 0.0280616 
12.97 0.000805988 0.763451 0.0281355 
12.98 0.000809012 0.763475 0.0282089 
12.99 0.000812018 0.763504 0.028282 
13 0.000815006 0.763538 0.0283545 
13.01 0.000817975 0.763578 0.0284267 
13.02 0.000820925 0.763622 0.0284984 
13.03 0.000823857 0.763672 0.0285696 
13.04 0.000826769 0.763727 0.0286404 
13.05 0.000829662 0.763787 0.0287107 
13.06 0.000832536 0.763852 0.0287805 
13.07 0.00083539 0.763923 0.0288499 
13.08 0.000838225 0.763998 0.0289188 
13.09 0.000841041 0.764078 0.0289873 
13.1 0.000843836 0.764164 0.0290552 
13.11 0.000846612 0.764254 0.0291227 
13.12 0.000849367 0.764349 0.0291897 
13.13 0.000852103 0.764449 0.0292563 
13.14 0.000854818 0.764554 0.0293223 
13.15 0.000857513 0.764664 0.0293878 
13.16 0.000860188 0.764779 0.0294529 
13.17 0.000862842 0.764898 0.0295174 
13.18 0.000865475 0.765023 0.0295815 
13.19 0.000868088 0.765152 0.029645 
13.2 0.00087068 0.765286 0.0297081 
13.21 0.00087325 0.765424 0.0297706 
13.22 0.0008758 0.765567 0.0298327 
13.23 0.000878329 0.765715 0.0298942 
13.24 0.000880837 0.765868 0.0299552 
13.25 0.000883323 0.766025 0.0300157 
13.26 0.000885788 0.766187 0.0300756 
13.27 0.000888232 0.766353 0.0301351 
13.28 0.000890654 0.766524 0.030194 
13.29 0.000893055 0.766699 0.0302524 
13.3 0.000895434 0.766879 0.0303103 
13.31 0.000897792 0.767063 0.0303677 
13.32 0.000900127 0.767252 0.0304245 
13.33 0.000902441 0.767445 0.0304808 
13.34 0.000904733 0.767642 0.0305365 
13.35 0.000907003 0.767844 0.0305918 
13.36 0.000909251 0.76805 0.0306464 
13.37 0.000911478 0.76826 0.0307006 
13.38 0.000913682 0.768475 0.0307542 
13.39 0.000915863 0.768694 0.0308073 
13.4 0.000918023 0.768917 0.0308598 
13.41 0.000920161 0.769144 0.0309118 
13.42 0.000922276 0.769376 0.0309632 
13.43 0.000924369 0.769611 0.0310141 
13.44 0.000926439 0.769851 0.0310644 
13.45 0.000928488 0.770094 0.0311142 
13.46 0.000930513 0.770342 0.0311635 
13.47 0.000932517 0.770594 0.0312122 
13.48 0.000934498 0.77085 0.0312603 
13.49 0.000936456 0.771109 0.0313079 
13.5 0.000938392 0.771373 0.031355 
13.51 0.000940305 0.77164 0.0314014 
13.52 0.000942196 0.771912 0.0314474 
13.53 0.000944064 0.772187 0.0314927 
13.54 0.000945909 0.772466 0.0315375 
13.55 0.000947732 0.772749 0.0315818 
13.56 0.000949532 0.773035 0.0316255 
13.57 0.00095131 0.773326 0.0316686 
13.58 0.000953065 0.77362 0.0317112 
13.59 0.000954797 0.773917 0.0317532 
13.6 0.000956506 0.774219 0.0317947 
13.61 0.000958193 0.774524 0.0318356 
13.62 0.000959857 0.774832 0.031876 
13.63 0.000961498 0.775144 0.0319157 
13.64 0.000963117 0.77546 0.0319549 
13.65 0.000964712 0.775779 0.0319936 
13.66 0.000966285 0.776102 0.0320317 
13.67 0.000967836 0.776428 0.0320692 
13.68 0.000969364 0.776757 0.0321062 
13.69 0.000970868 0.77709 0.0321426 
13.7 0.000972351 0.777426 0.0321785 
13.71 0.00097381 0.777766 0.0322138 
13.72 0.000975247 0.778109 0.0322485 
13.73 0.000976661 0.778455 0.0322826 
13.74 0.000978053 0.778804 0.0323162 
13.75 0.000979422 0.779157 0.0323493 
13.76 0.000980768 0.779513 0.0323818 
13.77 0.000982092 0.779872 0.0324137 
13.78 0.000983393 0.780234 0.032445 
13.79 0.000984671 0.780599 0.0324758 
13.8 0.000985927 0.780967 0.0325061 
13.81 0.000987161 0.781339 0.0325357 
13.82 0.000988372 0.781713 0.0325648 
13.83 0.00098956 0.782091 0.0325934 
13.84 0.000990726 0.782471 0.0326214 
13.85 0.00099187 0.782854 0.0326488 
13.86 0.000992991 0.783241 0.0326757 
13.87 0.00099409 0.78363 0.032702 
13.88 0.000995166 0.784022 0.0327278 
13.89 0.00099622 0.784417 0.032753 
13.9 0.000997252 0.784814 0.0327777 
13.91 0.000998262 0.785215 0.0328018 
13.92 0.000999249 0.785618 0.0328253 
13.93 0.00100021 0.786024 0.0328483 
13.94 0.00100116 0.786433 0.0328708 
13.95 0.00100208 0.786844 0.0328926 
13.96 0.00100298 0.787258 0.032914 
13.97 0.00100386 0.787674 0.0329348 
13.98 0.00100471 0.788093 0.032955 
13.99 0.00100554 0.788515 0.0329747 
14 0.00100636 0.788939 0.0329939 

