0	38.2	17300	0	161	12300	0
0.05	160	56000	0	908	52500	0
0.1	288	41500	0	1950	110000	0
0.15	402	32200	0	2880	170000	0
0.2	499	30600	0	3600	251000	0
0.25	585	30000	0	4180	341000	0
0.3	644	30500	0	4550	442000	0
0.35	680	32500	0	4820	540000	0
0.4	702	33300	0	4860	643000	0
0.45	712	33400	0	4890	777000	0
0.5	723	34400	0	4790	944000	0
0.55	702	33700	0	4630	1040000	0
0.6	698	34500	0	4370	1020000	0
0.65	677	32400	0	4070	930000	0
0.7	663	30600	0	3790	727000	0
0.75	641	27900	0	3450	502000	0
0.8	629	26000	0	3210	325000	0
0.85	608	24900	0	2900	204000	0
0.9	596	23600	0	2630	141000	0
0.95	573	23600	0	2360	103000	0
1	552	21000	0	2060	82700	0
1.05	546	20200	0	1860	66900	0
1.1	527	19000	0	1670	57200	0
1.15	514	17500	0	1450	47900	0
1.2	511	16700	0	1330	42400	0
1.25	495	15300	0	1150	35900	0
1.3	481	14500	0	1050	33200	0
1.35	461	13500	0	965	28100	0
1.4	456	12200	0	880	26200	0
1.45	447	11700	0	842	23800	0
1.5	435	11000	0	770	21900	0
1.55	425	11000	0	726	19400	0
1.6	418	9750	0	682	17900	0
1.65	395	9540	0	659	16300	0
1.7	399	9120	0	617	15000	0
1.75	380	8510	0	599	14100	0
1.8	371	9020	0	569	13200	0
1.85	365	8020	0	537	11900	0
1.9	357	7390	0	548	11100	0
1.95	342	7350	0	506	10700	0
2	336	6640	0	500	9850	0
2.05	332	6700	0	480	9540	0
2.1	321	6400	0	481	8700	0
2.15	305	6050	0	446	8420	0
2.2	301	6170	0	433	7870	0
2.25	299	6020	0	427	7570	0
2.3	290	5280	0	412	6940	0
2.35	279	4990	0	395	6740	0
2.4	277	5140	0	383	6320	0
2.45	263	5080	0	369	6200	0
2.5	264	4530	0	360	5940	0
2.55	255	4430	0	349	5750	0
2.6	245	4260	0	336	5770	0
2.65	240	4260	0	325	5540	0
2.7	243	4070	0	305	5090	0
2.75	234	3670	0	305	4990	0
2.8	220	3520	0	294	5030	0
2.85	219	3320	0	273	4520	0
2.9	208	3550	0	267	4560	0
2.95	202	3440	0	256	4610	0
3	195	3330	0	252	4250	0
3.05	192	2990	0	248	4290	0
3.1	190	2710	0	225	4160	0
3.15	178	2570	0	219	4160	0
3.2	172	2620	0	213	3930	0
3.25	168	2680	0	202	3880	0
3.3	165	2550	0	193	3580	0
3.35	156	2440	0	180	3700	0
3.4	158	2400	0	179	3610	0
3.45	150	2350	0	169	3430	0
3.5	146	2190	0	159	3280	0
3.55	143	2130	0	155	3420	0
3.6	135	2150	0	148	3340	0
3.65	130	1880	0	146	3280	0
3.7	127	1910	0	132	3200	0
3.75	123	2020	0	127	2970	0
3.8	116	1930	0	121	2980	0
3.85	117	1860	0	116	3060	0
3.9	111	1600	0	112	2880	0
3.95	113	1630	0	120	2770	0
4	108	1810	0	106	2740	0
4.05	103	1610	0	104	2570	0
4.1	103	1620	0	95.8	2580	0
4.15	96.3	1560	0	90.6	2500	0
4.2	94.9	1600	0	86.9	2530	0
4.25	98.7	1480	0	83.4	2580	0
4.3	91.1	1440	0	81.9	2270	0
4.35	88.2	1380	0	78.6	2230	0
4.4	86.3	1490	0	75.3	2190	0
4.45	81.1	1340	0	70.3	2130	0
4.5	77.3	1400	0	63.2	2010	0
4.55	73.6	1310	0	61	2000	0
4.6	72.6	1270	0	60.9	1860	0
4.65	70.9	1220	0	64	1720	0
4.7	75	1280	0	54.6	1640	0
4.75	66.8	1270	0	53.3	1690	0
4.8	62.9	1150	0	48.1	1570	0
4.85	69.1	1210	0	48.6	1470	0
4.9	61.1	1070	0	55	1340	0
4.95	63.2	1150	0	50.3	1310	0
5	58.1	1140	0	44.4	1260	0
5.05	58.3	981	0	43.7	1240	0
5.1	55	999	0	41.6	1180	0
5.15	50.8	1130	0	39.4	1120	0
5.2	53.2	924	0	39.2	1060	0
5.25	48.9	967	0	35.3	1020	0
5.3	46.6	783	0	34	1020	0
5.35	49.7	941	0	35	894	0
5.4	44.8	959	0	30.6	844	0
5.45	40.2	845	0	31.1	839	0
5.5	42.3	814	0	29.1	761	0
5.55	39.9	871	0	27.5	782	0
5.6	40.1	933	0	27.5	742	0
5.65	37.4	820	0	25.8	740	0
5.7	39.3	896	0	25.5	685	0
5.75	31.8	843	0	19.7	664	0
5.8	34.6	829	0	22	617	0
5.85	31.3	896	0	18.3	546	0
5.9	31.6	726	0	19.7	604	0
5.95	31.5	756	0	19.9	581	0
6	32.2	735	0	18.8	576	0
6.05	27.6	617	0	17.5	519	0
6.1	29.4	617	0	20.5	512	0
6.15	27.4	619	0	18.4	501	0
6.2	28.3	592	0	17.4	503	0
6.25	26.7	629	0	18	434	0
6.3	24.7	565	0	15	404	0
6.35	26	616	0	17.1	416	0
6.4	25.6	519	0	14.6	438	0
6.45	22.7	576	0	13.3	372	0
6.5	24.8	559	0	15.8	361	0
6.55	21.2	632	0	13.2	335	0
6.6	24.2	530	0	15.4	308	0
6.65	18.1	516	0	9.96	321	0
6.7	21	498	0	12.4	333	0
6.75	18.2	540	0	11.2	315	0
6.8	19.8	486	0	8.96	302	0
6.85	18.2	453	0	10.1	359	0
6.9	18.1	444	0	9.65	288	0
6.95	16.4	477	0	8.12	292	0
7	16.1	560	0	8.55	251	0
7.05	16.7	511	0	8.76	240	0
7.1	15.4	455	0	7.59	260	0
7.15	15.9	492	0	8.33	246	0
7.2	15.5	436	0	9.16	243	0
7.25	13.4	476	0	6.67	197	0
7.3	12.4	440	0	7.53	202	0
7.35	11	439	0	4.31	192	0
7.4	14.4	386	0	7.83	188	0
7.45	13.9	441	0	6.74	187	0
7.5	11.4	355	0	7.37	185	0
7.55	9.97	337	0	4.54	162	0
7.6	11	343	0	4.91	175	0
7.65	10.3	343	0	4.93	157	0
7.7	9.66	373	0	4.67	147	0
7.75	10.1	297	0	5.33	166	0
7.8	9.79	324	0	4.91	132	0
7.85	8.96	308	0	3.52	133	0
7.9	9.88	350	0	5.93	132	0
7.95	8.76	299	0	5.12	153	0
8	7.7	351	0	3.52	114	0
8.05	6.41	300	0	3.29	125	0
8.1	7.43	326	0	4.16	112	0
8.15	7.78	362	0	4.31	104	0
8.2	6.84	301	0	3.96	103	0
8.25	6.77	271	0	3.88	103	0
8.3	6.64	277	0	3.19	98	0
8.35	5.94	276	0	2.69	91.6	0
8.4	7.66	241	0	3.2	94.6	0
8.45	6.56	236	0	2.77	88	0
8.5	6.7	297	0	4.18	105	0
8.55	6.21	236	0	2.19	88	0
8.6	5.69	254	0	2.38	75.7	0
8.65	5.19	226	0	2.21	77.2	0
8.7	6.73	244	0	2.17	81.1	0
8.75	6.55	258	0	2.41	73.1	0
8.8	5.26	249	0	2.68	59.7	0
8.85	4.03	210	0	1.5	67	0
8.9	4.71	219	0	1.85	56.2	0
8.95	4.51	200	0	1.47	69	0
9	5.55	207	0	1.66	60.4	0
9.05	4.9	193	0	2.52	54.2	0
9.1	5.03	199	0	2.95	56.9	0
9.15	4.74	217	0	2.51	59.6	0
9.2	4.89	209	0	1.85	47.9	0
9.25	4.64	166	0	2.53	52.8	0
9.3	5.63	166	0	2.88	44.1	0
9.35	2.94	156	0	1.03	41.1	0
9.4	4.78	185	0	1.42	47.4	0
9.45	3.47	175	0	1.1	34.9	0
9.5	4.42	163	0	1.96	39.4	0
9.55	3.03	168	0	1.76	29.9	0
9.6	3.22	146	0	1.11	37.2	0
9.65	2.41	150	0	0.771	40.6	0
9.7	2.95	154	0	0.812	27.7	0
9.75	3.49	151	0	1.25	29	0
9.8	3.21	148	0	1.53	30.3	0
9.85	2.52	140	0	0.962	34	0
9.9	2.32	135	0	1.36	24.4	0
9.95	1.95	131	0	0.766	31.7	0
10	1.83	112	0	0.631	19.5	0
10.05	1.83	112	0	0.631	19.5	0
10.1	1.83	112	0	0.631	19.5	0
10.15	1.83	112	0	0.631	19.5	0
10.2	1.83	112	0	0.631	19.5	0
10.25	1.83	112	0	0.631	19.5	0
10.3	1.83	112	0	0.631	19.5	0
10.35	1.83	112	0	0.631	19.5	0
10.4	1.83	112	0	0.631	19.5	0
10.45	1.83	112	0	0.631	19.5	0
10.5	1.83	112	0	0.631	19.5	0
10.55	1.83	112	0	0.631	19.5	0
10.6	1.83	112	0	0.631	19.5	0
10.65	1.83	112	0	0.631	19.5	0
10.7	1.83	112	0	0.631	19.5	0
10.75	1.83	112	0	0.631	19.5	0
10.8	1.83	112	0	0.631	19.5	0
10.85	1.83	112	0	0.631	19.5	0
10.9	1.83	112	0	0.631	19.5	0
10.95	1.83	112	0	0.631	19.5	0
11	1.17	80.5	0	0.357	8.46	0
11.05	1.17	80.5	0	0.357	8.46	0
11.1	1.17	80.5	0	0.357	8.46	0
11.15	1.17	80.5	0	0.357	8.46	0
11.2	1.17	80.5	0	0.357	8.46	0
11.25	1.17	80.5	0	0.357	8.46	0
11.3	1.17	80.5	0	0.357	8.46	0
11.35	1.17	80.5	0	0.357	8.46	0
11.4	1.17	80.5	0	0.357	8.46	0
11.45	1.17	80.5	0	0.357	8.46	0
11.5	1.17	80.5	0	0.357	8.46	0
11.55	1.17	80.5	0	0.357	8.46	0
11.6	1.17	80.5	0	0.357	8.46	0
11.65	1.17	80.5	0	0.357	8.46	0
11.7	1.17	80.5	0	0.357	8.46	0
11.75	1.17	80.5	0	0.357	8.46	0
11.8	1.17	80.5	0	0.357	8.46	0
11.85	1.17	80.5	0	0.357	8.46	0
11.9	1.17	80.5	0	0.357	8.46	0
11.95	1.17	80.5	0	0.357	8.46	0
12	0.391	54.3	0	0.0736	5.89	0
12.05	0.391	54.3	0	0.0736	5.89	0
12.1	0.391	54.3	0	0.0736	5.89	0
12.15	0.391	54.3	0	0.0736	5.89	0
12.2	0.391	54.3	0	0.0736	5.89	0
12.25	0.391	54.3	0	0.0736	5.89	0
12.3	0.391	54.3	0	0.0736	5.89	0
12.35	0.391	54.3	0	0.0736	5.89	0
12.4	0.391	54.3	0	0.0736	5.89	0
12.45	0.391	54.3	0	0.0736	5.89	0
12.5	0.391	54.3	0	0.0736	5.89	0
12.55	0.391	54.3	0	0.0736	5.89	0
12.6	0.391	54.3	0	0.0736	5.89	0
12.65	0.391	54.3	0	0.0736	5.89	0
12.7	0.391	54.3	0	0.0736	5.89	0
12.75	0.391	54.3	0	0.0736	5.89	0
12.8	0.391	54.3	0	0.0736	5.89	0
12.85	0.391	54.3	0	0.0736	5.89	0
12.9	0.391	54.3	0	0.0736	5.89	0
12.95	0.391	54.3	0	0.0736	5.89	0
13	0.224	39	0	0.0359	2.41	0
13.05	0.224	39	0	0.0359	2.41	0
13.1	0.224	39	0	0.0359	2.41	0
13.15	0.224	39	0	0.0359	2.41	0
13.2	0.224	39	0	0.0359	2.41	0
13.25	0.224	39	0	0.0359	2.41	0
13.3	0.224	39	0	0.0359	2.41	0
13.35	0.224	39	0	0.0359	2.41	0
13.4	0.224	39	0	0.0359	2.41	0
13.45	0.224	39	0	0.0359	2.41	0
13.5	0.224	39	0	0.0359	2.41	0
13.55	0.224	39	0	0.0359	2.41	0
13.6	0.224	39	0	0.0359	2.41	0
13.65	0.224	39	0	0.0359	2.41	0
13.7	0.224	39	0	0.0359	2.41	0
13.75	0.224	39	0	0.0359	2.41	0
13.8	0.224	39	0	0.0359	2.41	0
13.85	0.224	39	0	0.0359	2.41	0
13.9	0.224	39	0	0.0359	2.41	0
13.95	0.224	39	0	0.0359	2.41	0
14	0.11	20.4	0	0.0317	0.496	0
14.05	0.11	20.4	0	0.0317	0.496	0
14.1	0.11	20.4	0	0.0317	0.496	0
14.15	0.11	20.4	0	0.0317	0.496	0
14.2	0.11	20.4	0	0.0317	0.496	0
14.25	0.11	20.4	0	0.0317	0.496	0
14.3	0.11	20.4	0	0.0317	0.496	0
14.35	0.11	20.4	0	0.0317	0.496	0
14.4	0.11	20.4	0	0.0317	0.496	0
14.45	0.11	20.4	0	0.0317	0.496	0
14.5	0.11	20.4	0	0.0317	0.496	0
14.55	0.11	20.4	0	0.0317	0.496	0
14.6	0.11	20.4	0	0.0317	0.496	0
14.65	0.11	20.4	0	0.0317	0.496	0
14.7	0.11	20.4	0	0.0317	0.496	0
14.75	0.11	20.4	0	0.0317	0.496	0
14.8	0.11	20.4	0	0.0317	0.496	0
14.85	0.11	20.4	0	0.0317	0.496	0
14.9	0.11	20.4	0	0.0317	0.496	0
14.95	0.11	20.4	0	0.0317	0.496	0
15	0.109	14.6	0	0.0404	0.619	0
15.05	0.109	14.6	0	0.0404	0.619	0
15.1	0.109	14.6	0	0.0404	0.619	0
15.15	0.109	14.6	0	0.0404	0.619	0
15.2	0.109	14.6	0	0.0404	0.619	0
15.25	0.109	14.6	0	0.0404	0.619	0
15.3	0.109	14.6	0	0.0404	0.619	0
15.35	0.109	14.6	0	0.0404	0.619	0
15.4	0.109	14.6	0	0.0404	0.619	0
15.45	0.109	14.6	0	0.0404	0.619	0
15.5	0.109	14.6	0	0.0404	0.619	0
15.55	0.109	14.6	0	0.0404	0.619	0
15.6	0.109	14.6	0	0.0404	0.619	0
15.65	0.109	14.6	0	0.0404	0.619	0
15.7	0.109	14.6	0	0.0404	0.619	0
15.75	0.109	14.6	0	0.0404	0.619	0
15.8	0.109	14.6	0	0.0404	0.619	0
15.85	0.109	14.6	0	0.0404	0.619	0
15.9	0.109	14.6	0	0.0404	0.619	0
15.95	0.109	14.6	0	0.0404	0.619	0
16	0.0309	8.26	0	0	0.37	0
16.05	0.0309	8.26	0	0	0.37	0
16.1	0.0309	8.26	0	0	0.37	0
16.15	0.0309	8.26	0	0	0.37	0
16.2	0.0309	8.26	0	0	0.37	0
16.25	0.0309	8.26	0	0	0.37	0
16.3	0.0309	8.26	0	0	0.37	0
16.35	0.0309	8.26	0	0	0.37	0
16.4	0.0309	8.26	0	0	0.37	0
16.45	0.0309	8.26	0	0	0.37	0
16.5	0.0309	8.26	0	0	0.37	0
16.55	0.0309	8.26	0	0	0.37	0
16.6	0.0309	8.26	0	0	0.37	0
16.65	0.0309	8.26	0	0	0.37	0
16.7	0.0309	8.26	0	0	0.37	0
16.75	0.0309	8.26	0	0	0.37	0
16.8	0.0309	8.26	0	0	0.37	0
16.85	0.0309	8.26	0	0	0.37	0
16.9	0.0309	8.26	0	0	0.37	0
16.95	0.0309	8.26	0	0	0.37	0
17	0	3.92	0	0	0.0105	0
17.05	0	3.92	0	0	0.0105	0
17.1	0	3.92	0	0	0.0105	0
17.15	0	3.92	0	0	0.0105	0
17.2	0	3.92	0	0	0.0105	0
17.25	0	3.92	0	0	0.0105	0
17.3	0	3.92	0	0	0.0105	0
17.35	0	3.92	0	0	0.0105	0
17.4	0	3.92	0	0	0.0105	0
17.45	0	3.92	0	0	0.0105	0
17.5	0	3.92	0	0	0.0105	0
17.55	0	3.92	0	0	0.0105	0
17.6	0	3.92	0	0	0.0105	0
17.65	0	3.92	0	0	0.0105	0
17.7	0	3.92	0	0	0.0105	0
17.75	0	3.92	0	0	0.0105	0
17.8	0	3.92	0	0	0.0105	0
17.85	0	3.92	0	0	0.0105	0
17.9	0	3.92	0	0	0.0105	0
17.95	0	3.92	0	0	0.0105	0
18	0	1.92	0	0	0.148	0
18.05	0	1.92	0	0	0.148	0
18.1	0	1.92	0	0	0.148	0
18.15	0	1.92	0	0	0.148	0
18.2	0	1.92	0	0	0.148	0
18.25	0	1.92	0	0	0.148	0
18.3	0	1.92	0	0	0.148	0
18.35	0	1.92	0	0	0.148	0
18.4	0	1.92	0	0	0.148	0
18.45	0	1.92	0	0	0.148	0
18.5	0	1.92	0	0	0.148	0
18.55	0	1.92	0	0	0.148	0
18.6	0	1.92	0	0	0.148	0
18.65	0	1.92	0	0	0.148	0
18.7	0	1.92	0	0	0.148	0
18.75	0	1.92	0	0	0.148	0
18.8	0	1.92	0	0	0.148	0
18.85	0	1.92	0	0	0.148	0
18.9	0	1.92	0	0	0.148	0
18.95	0	1.92	0	0	0.148	0
19	0	2.39	0	0	0	0
19.05	0	2.39	0	0	0	0
19.1	0	2.39	0	0	0	0
19.15	0	2.39	0	0	0	0
19.2	0	2.39	0	0	0	0
19.25	0	2.39	0	0	0	0
19.3	0	2.39	0	0	0	0
19.35	0	2.39	0	0	0	0
19.4	0	2.39	0	0	0	0
19.45	0	2.39	0	0	0	0
19.5	0	2.39	0	0	0	0
19.55	0	2.39	0	0	0	0
19.6	0	2.39	0	0	0	0
19.65	0	2.39	0	0	0	0
19.7	0	2.39	0	0	0	0
19.75	0	2.39	0	0	0	0
19.8	0	2.39	0	0	0	0
19.85	0	2.39	0	0	0	0
19.9	0	2.39	0	0	0	0
19.95	0	2.39	0	0	0	0
20	0	0.786	0	0	0	0
20.05	0	0.786	0	0	0	0
20.1	0	0.786	0	0	0	0
20.15	0	0.786	0	0	0	0
20.2	0	0.786	0	0	0	0
20.25	0	0.786	0	0	0	0
20.3	0	0.786	0	0	0	0
20.35	0	0.786	0	0	0	0
20.4	0	0.786	0	0	0	0
20.45	0	0.786	0	0	0	0
20.5	0	0.786	0	0	0	0
20.55	0	0.786	0	0	0	0
20.6	0	0.786	0	0	0	0
20.65	0	0.786	0	0	0	0
20.7	0	0.786	0	0	0	0
20.75	0	0.786	0	0	0	0
20.8	0	0.786	0	0	0	0
20.85	0	0.786	0	0	0	0
20.9	0	0.786	0	0	0	0
29.95	0	0.786	0	0	0	0
21	0	0.233	0	0	0	0
21.05	0	0.233	0	0	0	0
21.1	0	0.233	0	0	0	0
21.15	0	0.233	0	0	0	0
21.2	0	0.233	0	0	0	0
21.25	0	0.233	0	0	0	0
21.3	0	0.233	0	0	0	0
21.35	0	0.233	0	0	0	0
21.4	0	0.233	0	0	0	0
21.45	0	0.233	0	0	0	0
21.5	0	0.233	0	0	0	0
21.55	0	0.233	0	0	0	0
21.6	0	0.233	0	0	0	0
21.65	0	0.233	0	0	0	0
21.7	0	0.233	0	0	0	0
21.75	0	0.233	0	0	0	0
21.8	0	0.233	0	0	0	0
21.85	0	0.233	0	0	0	0
21.9	0	0.233	0	0	0	0
21.95	0	0.233	0	0	0	0
22	0	0.169	0	0	0	0
22.05	0	0.169	0	0	0	0
22.1	0	0.169	0	0	0	0
22.15	0	0.169	0	0	0	0
22.2	0	0.169	0	0	0	0
22.25	0	0.169	0	0	0	0
22.3	0	0.169	0	0	0	0
22.35	0	0.169	0	0	0	0
22.4	0	0.169	0	0	0	0
22.45	0	0.169	0	0	0	0
22.5	0	0.169	0	0	0	0
22.55	0	0.169	0	0	0	0
22.6	0	0.169	0	0	0	0
22.65	0	0.169	0	0	0	0
22.7	0	0.169	0	0	0	0
22.75	0	0.169	0	0	0	0
22.8	0	0.169	0	0	0	0
22.85	0	0.169	0	0	0	0
22.9	0	0.169	0	0	0	0
22.95	0	0.169	0	0	0	0
23	0	0	0	0	0	0
23.05	0	0	0	0	0	0
23.1	0	0	0	0	0	0
23.15	0	0	0	0	0	0
23.2	0	0	0	0	0	0
23.25	0	0	0	0	0	0
24.3	0	0	0	0	0	0
23.35	0	0	0	0	0	0
23.4	0	0	0	0	0	0
23.45	0	0	0	0	0	0
23.5	0	0	0	0	0	0
23.55	0	0	0	0	0	0
23.6	0	0	0	0	0	0
23.65	0	0	0	0	0	0
23.7	0	0	0	0	0	0
23.75	0	0	0	0	0	0
23.8	0	0	0	0	0	0
23.85	0	0	0	0	0	0
23.9	0	0	0	0	0	0
23.95	0	0	0	0	0	0
24	0	0	0	0	0	0
24.05	0	0	0	0	0	0
24.1	0	0	0	0	0	0
24.15	0	0	0	0	0	0
24.2	0	0	0	0	0	0
24.25	0	0	0	0	0	0
24.3	0	0	0	0	0	0
24.35	0	0	0	0	0	0
24.4	0	0	0	0	0	0
24.45	0	0	0	0	0	0
24.5	0	0	0	0	0	0
24.55	0	0	0	0	0	0
24.6	0	0	0	0	0	0
24.65	0	0	0	0	0	0
24.7	0	0	0	0	0	0
24.75	0	0	0	0	0	0
24.8	0	0	0	0	0	0
24.85	0	0	0	0	0	0
24.9	0	0	0	0	0	0
24.95	0	0	0	0	0	0
25	0	0	0	0	0	0
